1.180232641551327077e+02 8.758568744611704915e+01 -1.350395817380463725e+01 -1.647177808197967153e+01 8.450474572927205941e+00 3.955962647617852213e+00 -5.795590886336358771e+00 -7.418775929920720102e-01 3.901813721681923752e+00 2.735363322409337661e-01 -2.607542163497526211e+00 1.109487456821519197e-01 1.619359696315594066e+00
4.011073365224816030e+02 -4.169213007194492349e+01 -6.880018583642171670e+00 1.407780335615391643e+01 -3.953135982092688128e+00 -7.257530171266475705e+00 4.014482744162104488e+00 2.940439185900815655e+00 -3.059685071050157301e+00 -2.104895089743825110e-01 2.060862416799108754e+00 -9.137009103953709355e-01 -1.177795473496802803e+00
2.400000000000000000e+01 0.000000000000000000e+00 0.000000000000000000e+00 0.000000000000000000e+00 0.000000000000000000e+00 0.000000000000000000e+00 0.000000000000000000e+00 0.000000000000000000e+00 0.000000000000000000e+00 0.000000000000000000e+00 0.000000000000000000e+00 0.000000000000000000e+00 0.000000000000000000e+00
2.811224459387412935e+02 1.123839562432795418e+02 5.033611063182279111e+01 -4.343985023449583593e+01 -3.227021849320133384e+01 2.039563005696571452e+00 8.717410752750831548e+00 4.668515881499108566e+00 -4.060611141365388477e+00 -3.967270683775546036e+00 4.658820565389873103e+00 3.366164776123881985e+00 -1.766098744342837978e+00
5.456759545296687293e+02 8.030203770389441331e+01 -1.095841379541614629e+02 2.513564351780306905e-01 1.009417221896293171e+01 -2.148240480929795737e+01 9.299327729610881832e+00 -3.335245911659726392e+00 -2.587890275918205418e+00 9.766084392279028137e+00 -4.481007080720692315e+00 7.265997669504031808e-02 2.165097299676368880e+00
2.400000000000000000e+01 0.000000000000000000e+00 0.000000000000000000e+00 0.000000000000000000e+00 0.000000000000000000e+00 0.000000000000000000e+00 0.000000000000000000e+00 0.000000000000000000e+00 0.000000000000000000e+00 0.000000000000000000e+00 0.000000000000000000e+00 0.000000000000000000e+00 0.000000000000000000e+00
3.078160203089793185e+02 3.000019532937554345e+01 -2.121953680703781764e+00 -6.516657393801978304e-05 4.244928450490134675e-01 3.903500367016065313e-05 -1.817791335471305170e-01 -2.795515123909122996e-05 1.011304167913314039e-01 2.167073939111334926e-05 -6.419279192731440487e-02 -1.780803572079992054e-05 4.459851747421986895e-02
4.681764945060884884e+02 3.600066411987690884e+01 -7.214642514392918926e+00 -2.215663513866513563e-04 1.443275673166577677e+00 1.327190125385600892e-04 -6.180490540602723293e-01 -9.504751419388744683e-05 3.438434170905143028e-01 7.368051396645481732e-05 -2.182554925528818746e-01 -6.054732140564566368e-05 1.516349594123209965e-01
2.400000000000000000e+01 0.000000000000000000e+00 0.000000000000000000e+00 0.000000000000000000e+00 0.000000000000000000e+00 0.000000000000000000e+00 0.000000000000000000e+00 0.000000000000000000e+00 0.000000000000000000e+00 0.000000000000000000e+00 0.000000000000000000e+00 0.000000000000000000e+00 0.000000000000000000e+00
5.581537917850367876e+02 3.396389537190635224e+02 -3.389216924795319841e+01 1.797324847304245310e+01 -5.007733716336796448e+01 -6.034782923789010312e+01 3.842903176506006702e+01 1.943997879921553817e+01 -8.636371897055866498e+00 5.871514023108628244e+00 -1.572380763881685439e+01 -3.815293770036716214e+00 1.503405315779476581e+01
5.610528410566495268e+02 2.281348460838039784e+02 -1.111097217919927260e+02 -9.906139823721231608e+01 3.418320035273284674e+01 3.512358596700684643e+01 -3.603003302311061162e+01 -9.819161822232777226e+00 1.808539015777517633e+01 -2.501737591110738901e+00 -6.206578344243308010e+00 6.323070644915538274e+00 2.466904694659170172e+00
2.400000000000000000e+01 0.000000000000000000e+00 0.000000000000000000e+00 0.000000000000000000e+00 0.000000000000000000e+00 0.000000000000000000e+00 0.000000000000000000e+00 0.000000000000000000e+00 0.000000000000000000e+00 0.000000000000000000e+00 0.000000000000000000e+00 0.000000000000000000e+00 0.000000000000000000e+00
7.123471277583222445e+02 -2.227742759024506825e+01 -5.381323148248758237e+00 1.202784783755569009e+01 6.033096471599670885e+00 -1.105297378824056986e+00 -2.172461144348082573e+00 -1.112126254994522556e+00 -3.543067112811312258e-01 2.519416758861489636e-01 8.882485952989922495e-01 6.218976608082628088e-01 -3.915690021150369238e-01
3.459862909310232908e+02 3.112067003312493512e+02 7.678273885203861937e+01 -2.812401659741311377e+01 -3.315607406824155845e+01 -3.619643357657960969e+00 1.083614050405595819e+01 8.361316223049520602e+00 1.500198761437384620e+00 -3.545271881684982862e+00 -4.365568856280739318e+00 -7.007508506680274474e-01 2.493796512670377830e+00
2.400000000000000000e+01 0.000000000000000000e+00 0.000000000000000000e+00 0.000000000000000000e+00 0.000000000000000000e+00 0.000000000000000000e+00 0.000000000000000000e+00 0.000000000000000000e+00 0.000000000000000000e+00 0.000000000000000000e+00 0.000000000000000000e+00 0.000000000000000000e+00 0.000000000000000000e+00
