 68576.9  -126745  99828.3 -66391.1  36665.6 -16332.1  5570.83 -1311.48  162.206
-59751.2   110450   -86750  57414.5 -31476.6  13871.4 -4657.08  1069.79 -127.138
  2.62169 -0.967907 -0.506799   0.43042 -0.161137   1.04235  -1.25624   2.13013  -1.82135
-97286.1   179634  -140762  92845.4 -50646.8  22171.4  -7395.5  1687.14 -198.246
 18720.1 -33737.1  24809.9 -14523.6  6455.26 -1968.52   292.38  36.2955 -21.1356
   2.52621 -0.0621143  -0.448532    1.01523  -0.956175  0.0199903  -0.901555    0.87536  -0.916313
 1708.88 -3092.09  2441.19 -1627.08  900.692 -402.442  137.649 -32.2942  3.94019
 5746.45 -10518.4  8301.25 -5528.82  3063.73 -1369.81  470.893 -111.287  13.5689
-2.18765  5.28876 -2.93583 -1.03164  1.10468 0.491207 -1.74253  3.10542 -1.68119
-47619.5  88458.7 -70241.2  47326.6 -26469.6    11832 -3945.38  834.984 -70.3889
  289757  -535639   422122  -280995   155315 -69219.3  23582.2 -5516.69  670.011
   2.4038  0.121631   0.76683  -1.22255  -1.48019 -0.956831  -1.74473 -0.441263 -0.154462
-8138.32  15221.9 -12032.7  8053.41 -4494.78  2038.71 -713.848  176.715 -23.9676
 28094.5 -52076.8  41627.5 -28343.5  16237.5 -7626.95  2802.94 -741.269  113.082
   1.92504   0.199257   -1.22771    0.79656  -0.322446  -0.526109 0.00490777  -0.284586  -0.123772
