[18.2294, 32.4043, -0.00054689]'
[18.2598, 32.3883, -0.00053922]'
[18.3504, 32.3405, -0.000516386]'
[18.5, 32.2622, -0.000478903]'
[18.7065, 32.1554, -0.000427621]'
[18.9672, 32.0228, -0.000363695]'
[19.2785, 31.8679, -0.000288562]'
[19.6363, 31.6946, -0.0002039]'
[20.0358, 31.5073, -0.000111589]'
[20.4717, 31.3108, -1.3661e-05]'
[20.9385, 31.1101, 8.77498e-05]'
[21.4303, 30.9104, 0.00019046]'
[21.9409, 30.7165, 0.000292294]'
[22.4641, 30.5336, 0.000391134]'
[22.9939, 30.3662, 0.000484975]'
[23.5242, 30.2186, 0.000571972]'
[24.0493, 30.0945, 0.000650487]'
[24.5636, 29.9971, 0.000719121]'
[25.062, 29.929, 0.000776755]'
[25.54, 29.892, 0.000822566]'
[25.9934, 29.8873, 0.000856049]'
[26.4187, 29.9154, 0.00087702]'
[26.8131, 29.976, 0.000885622]'
[27.1742, 30.0682, 0.000882309]'
[27.5003, 30.1904, 0.000867831]'
[27.7905, 30.3406, 0.000843211]'
[28.0443, 30.5161, 0.000809711]'
[28.262, 30.714, 0.000768792]'
[28.4441, 30.9312, 0.000722075]'
[28.5921, 31.1641, 0.000671289]'
[28.7075, 31.4093, 0.000618228]'
[28.7923, 31.6633, 0.000564693]'
[28.849, 31.9229, 0.000512448]'
[28.8801, 32.185, 0.000463167]'
[28.8884, 32.4468, 0.00041839]'
[28.8768, 32.7059, 0.000379479]'
[28.8483, 32.9602, 0.000347586]'
[28.8058, 33.2083, 0.000323617]'
[28.7522, 33.4492, 0.000308212]'
[28.6901, 33.6821, 0.000301725]'
[28.6222, 33.9071, 0.000304224]'
[28.5509, 34.1244, 0.000315479]'
[28.4783, 34.3346, 0.000334982]'
[28.4063, 34.5388, 0.000361953]'
[28.3366, 34.7382, 0.00039537]'
[28.2706, 34.9342, 0.000433993]'
[28.2095, 35.1283, 0.000476402]'
[28.1541, 35.3219, 0.000521037]'
[28.1051, 35.5163, 0.000566243]'
[28.0631, 35.7128, 0.00061031]'
[28.0282, 35.9124, 0.000651529]'
[28.0006, 36.1156, 0.00068823]'
[27.9803, 36.3227, 0.000718836]'
[27.9672, 36.5337, 0.0007419]'
[27.961, 36.748, 0.000756146]'
[27.9616, 36.9647, 0.000760507]'
[27.9685, 37.1825, 0.000754148]'
[27.9816, 37.3996, 0.000736494]'
[28.0004, 37.6142, 0.000707241]'
[28.0247, 37.8239, 0.000666367]'
[28.0542, 38.0265, 0.000614134]'
[28.0886, 38.2193, 0.000551078]'
[28.1277, 38.4, 0.000477997]'
[28.1711, 38.5663, 0.000395931]'
[28.2187, 38.716, 0.000306134]'
[28.2703, 38.8474, 0.000210044]'
[28.3255, 38.9592, 0.000109245]'
[28.384, 39.0506, 5.42532e-06]'
[28.4455, 39.1213, -9.96588e-05]'
[28.5095, 39.1718, -0.000204232]'
[28.5757, 39.2033, -0.000306543]'
[28.6434, 39.2176, -0.000404903]'
[28.712, 39.2173, -0.000497729]'
[28.7807, 39.2057, -0.000583581]'
[28.8488, 39.1869, -0.000661193]'
[28.9154, 39.1655, -0.000729503]'
[28.9794, 39.1466, -0.000787672]'
[29.0398, 39.136, -0.000835102]'
[29.0955, 39.1396, -0.000871448]'
[29.1455, 39.1636, -0.000896615]'
[29.1885, 39.2144, -0.00091076]'
[29.2236, 39.2982, -0.000914281]'
[29.2497, 39.4211, -0.000907799]'
[29.2658, 39.589, -0.000892138]'
[29.271, 39.807, -0.000868302]'
[29.2646, 40.0801, -0.000837439]'
[29.246, 40.4123, -0.000800813]'
[29.2148, 40.8069, -0.000759767]'
[29.1708, 41.2664, -0.000715689]'
[29.114, 41.7923, -0.00066997]'
[29.0445, 42.3853, -0.000623976]'
[28.9627, 43.0451, -0.000579006]'
[28.8693, 43.7704, -0.00053627]'
[28.765, 44.5591, -0.000496853]'
[28.6508, 45.4083, -0.000461696]'
[28.528, 46.3143, -0.000431578]'
[28.3977, 47.2725, -0.000407096]'
[28.2615, 48.2783, -0.000388664]'
[28.1206, 49.3261, -0.000376505]'
[27.9768, 50.4102, -0.000370654]'
[27.8314, 51.525, -0.000370967]'
[27.686, 52.6644, -0.00037713]'
[27.5419, 53.8226, -0.000388678]'
[27.4004, 54.9941, -0.000405014]'
[27.2626, 56.1736, -0.000425431]'
[27.1294, 57.356, -0.00044914]'
[27.0016, 58.5371, -0.000475295]'
[26.8796, 59.7128, -0.000503019]'
[26.7637, 60.8798, -0.000531436]'
[26.6538, 62.0354, -0.000559695]'
[26.5497, 63.1772, -0.000586994]'
[26.4507, 64.3035, -0.000612604]'
[26.3562, 65.4132, -0.000635887]'
[26.2652, 66.5054, -0.000656316]'
[26.1764, 67.5796, -0.00067348]'
[26.0885, 68.6356, -0.000687102]'
[26, 69.6733, -0.000697034]'
[25.9094, 70.6925, -0.000703262]'
[25.8151, 71.6932, -0.000705898]'
[25.7156, 72.6751, -0.000705177]'
[25.6093, 73.6376, -0.000701437]'
[25.4949, 74.5798, -0.000695112]'
[25.3712, 75.5006, -0.00068671]'
[25.2371, 76.3982, -0.000676795]'
[25.0919, 77.2705, -0.000665962]'
[24.935, 78.115, -0.000654823]'
[24.7662, 78.9286, -0.000643978]'
[24.5857, 79.7081, -0.000633998]'
[24.3938, 80.4498, -0.000625404]'
[24.1914, 81.1499, -0.000618648]'
[23.9795, 81.8045, -0.000614101]'
[23.7595, 82.4098, -0.000612037]'
[23.5331, 82.9622, -0.000612622]'
[23.3022, 83.4583, -0.000615913]'
[23.0689, 83.8953, -0.000621852]'
[22.8357, 84.2712, -0.000630266]'
[22.6049, 84.5845, -0.000640874]'
[22.379, 84.835, -0.000653292]'
[22.1606, 85.0233, -0.000667045]'
[21.9523, 85.1511, -0.000681582]'
[21.7563, 85.2216, -0.000696287]'
[21.5751, 85.2388, -0.000710502]'
[21.4106, 85.2084, -0.00072354]'
[21.2646, 85.1371, -0.000734709]'
[21.1388, 85.0327, -0.000743328]'
[21.0344, 84.9042, -0.000748747]'
[20.9522, 84.7613, -0.000750367]'
[20.8927, 84.6147, -0.000747651]'
[20.8562, 84.4754, -0.000740146]'
[20.8424, 84.3548, -0.000727489]'
[20.8507, 84.2645, -0.000709417]'
[20.8801, 84.2157, -0.00068578]'
[20.9295, 84.2191, -0.000656536]'
[20.9972, 84.285, -0.000621761]'
[21.0813, 84.4223, -0.000581637]'
[21.18, 84.6388, -0.000536458]'
[21.2909, 84.941, -0.000486612]'
[21.4116, 85.3333, -0.000432578]'
[21.5399, 85.8188, -0.000374912]'
[21.6731, 86.398, -0.000314234]'
[21.809, 87.0697, -0.00025121]'
[21.9452, 87.8306, -0.00018654]'
[22.0795, 88.675, -0.000120942]'
[22.2099, 89.5953, -5.5134e-05]'
[22.3344, 90.5821, 1.01817e-05]'
[22.4515, 91.6239, 7.43302e-05]'
[22.5598, 92.7079, 0.00013668]'
[22.6583, 93.8198, 0.000196652]'
[22.746, 94.9442, 0.000253733]'
[22.8225, 96.0652, 0.000307478]'
[22.8875, 97.1663, 0.000357524]'
[22.9409, 98.2311, 0.000403584]'
[22.9831, 99.2434, 0.000445457]'
[23.0144, 100.188, 0.00048302]'
[23.0355, 101.051, 0.000516231]'
[23.0472, 101.818, 0.000545122]'
[23.0504, 102.48, 0.000569792]'
[23.0462, 103.026, 0.000590404]'
[23.0357, 103.45, 0.000607172]'
[23.02, 103.747, 0.000620353]'
[23.0001, 103.915, 0.000630241]'
[22.9773, 103.956, 0.000637156]'
[22.9524, 103.872, 0.000641431]'
[22.9265, 103.669, 0.000643411]'
[22.9003, 103.356, 0.000643437]'
[22.8746, 102.943, 0.000641846]'
[22.85, 102.444, 0.00063896]'
[22.8269, 101.871, 0.000635081]'
[22.8057, 101.243, 0.000630492]'
[22.7867, 100.575, 0.000625449]'
[22.7698, 99.8851, 0.00062018]'
[22.7553, 99.192, 0.000614888]'
[22.7429, 98.5136, 0.000609748]'
[22.7327, 97.8672, 0.000604908]'
[22.7243, 97.2694, 0.000600493]'
[22.7177, 96.7355, 0.000596603]'
[22.7127, 96.279, 0.000593321]'
[22.7089, 95.9114, 0.000590707]'
[22.7064, 95.642, 0.000588809]'
[22.7045, 95.4223, 0.000587272]'
[30.7704, 52.1175, -0.000272658]'
[30.7815, 52.1377, -0.00026879]'
[30.8145, 52.1979, -0.000257256]'
[30.8692, 52.2967, -0.000238275]'
[30.9449, 52.4321, -0.000212199]'
[31.0408, 52.6013, -0.000179512]'
[31.1557, 52.8007, -0.000140809]'
[31.2886, 53.0261, -9.67825e-05]'
[31.4378, 53.2729, -4.82025e-05]'
[31.6019, 53.536, 4.1048e-06]'
[31.7789, 53.81, 5.92811e-05]'
[31.967, 54.0895, 0.000116459]'
[32.1642, 54.3688, 0.000174788]'
[32.3684, 54.6425, 0.000233453]'
[32.5774, 54.9055, 0.000291705]'
[32.7892, 55.1528, 0.000348871]'
[33.0014, 55.38, 0.00040438]'
[33.2121, 55.5833, 0.000457772]'
[33.4191, 55.7596, 0.000508712]'
[33.6204, 55.9064, 0.000556995]'
[33.8143, 56.0221, 0.000602549]'
[33.9989, 56.1057, 0.000645436]'
[34.1728, 56.1574, 0.000685843]'
[34.3346, 56.178, 0.000724076]'
[34.4831, 56.1691, 0.000760543]'
[34.6173, 56.1332, 0.000795741]'
[34.7366, 56.0734, 0.000830234]'
[34.8404, 55.9935, 0.000864633]'
[34.9286, 55.8978, 0.000899571]'
[35.0012, 55.7911, 0.000935679]'
[35.0585, 55.6784, 0.000973563]'
[35.101, 55.5651, 0.00101377]'
[35.1294, 55.4565, 0.0010568]'
[35.1449, 55.3578, 0.00110301]'
[35.1485, 55.2742, 0.00115269]'
[35.1417, 55.2104, 0.00120598]'
[35.1262, 55.1709, 0.00126287]'
[35.1035, 55.1594, 0.00132323]'
[35.0757, 55.1791, 0.00138674]'
[35.0446, 55.2326, 0.00145296]'
[35.0123, 55.3215, 0.00152128]'
[34.9809, 55.4467, 0.00159096]'
[34.9523, 55.6083, 0.00166115]'
[34.9287, 55.8054, 0.00173087]'
[34.912, 56.0364, 0.00179907]'
[34.904, 56.2989, 0.00186462]'
[34.9066, 56.5896, 0.00192638]'
[34.9212, 56.9045, 0.00198319]'
[34.9494, 57.2392, 0.00203388]'
[34.9922, 57.5885, 0.00207738]'
[35.0507, 57.9471, 0.00211264]'
[35.1256, 58.3091, 0.00213875]'
[35.2174, 58.6686, 0.0021549]'
[35.3261, 59.0195, 0.00216043]'
[35.4519, 59.3561, 0.00215486]'
[35.5942, 59.6726, 0.00213785]'
[35.7526, 59.9635, 0.00210929]'
[35.926, 60.224, 0.00206921]'
[36.1133, 60.4495, 0.00201788]'
[36.3132, 60.6364, 0.00195573]'
[36.5242, 60.7815, 0.00188337]'
[36.7443, 60.8824, 0.00180159]'
[36.9718, 60.9377, 0.00171132]'
[37.2046, 60.9466, 0.00161362]'
[37.4406, 60.9092, 0.00150968]'
[37.6776, 60.8266, 0.00140073]'
[37.9135, 60.7003, 0.0012881]'
[38.1463, 60.533, 0.00117313]'
[38.3738, 60.3277, 0.00105715]'
[38.5942, 60.0884, 0.000941475]'
[38.8058, 59.8191, 0.000827377]'
[39.007, 59.5248, 0.000716039]'
[39.1967, 59.2103, 0.000608548]'
[39.3737, 58.881, 0.000505874]'
[39.5375, 58.5421, 0.000408855]'
[39.6877, 58.199, 0.000318185]'
[39.8243, 57.8567, 0.000234404]'
[39.9478, 57.5201, 0.000157897]'
[40.059, 57.1936, 8.88909e-05]'
[40.1591, 56.8814, 2.74616e-05]'
[40.2496, 56.5867, -2.64603e-05]'
[40.3326, 56.3126, -7.30779e-05]'
[40.4104, 56.061, -0.000112714]'
[40.4858, 55.8334, -0.000145796]'
[40.5618, 55.6304, -0.000172834]'
[40.6418, 55.4519, -0.000194407]'
[40.7294, 55.2969, -0.000211136]'
[40.8285, 55.1636, -0.000223671]'
[40.9431, 55.0496, -0.000232661]'
[41.0773, 54.9519, -0.000238747]'
[41.2354, 54.8665, -0.000242533]'
[41.4217, 54.7893, -0.000244579]'
[41.6404, 54.7153, -0.000245385]'
[41.8955, 54.6394, -0.000245379]'
[42.191, 54.5561, -0.000244913]'
[42.5307, 54.4599, -0.000244256]'
[42.918, 54.3448, -0.000243595]'
[43.3561, 54.2053, -0.000243035]'
[43.8477, 54.0357, -0.000242603]'
[44.3953, 53.8307, -0.000242259]'
[45.0005, 53.5853, -0.0002419]'
[45.665, 53.2949, -0.000241376]'
[46.3894, 52.9555, -0.000240498]'
[47.1741, 52.5633, -0.000239057]'
[48.0188, 52.1157, -0.000236834]'
[48.9226, 51.6103, -0.000233614]'
[49.8842, 51.0456, -0.0002292]'
[50.9014, 50.421, -0.000223429]'
[51.9717, 49.7363, -0.000216174]'
[53.092, 48.9924, -0.000207363]'
[54.2585, 48.1906, -0.000196978]'
[55.4673, 47.3333, -0.000185065]'
[56.7137, 46.4233, -0.000171732]'
[57.9927, 45.4641, -0.000157152]'
[59.299, 44.4598, -0.000141558]'
[60.627, 43.4149, -0.000125237]'
[61.971, 42.3345, -0.000108524]'
[63.3249, 41.2241, -9.17925e-05]'
[64.6825, 40.0892, -7.54429e-05]'
[66.0379, 38.9359, -5.989e-05]'
[67.3849, 37.77, -4.55505e-05]'
[68.7175, 36.5978, -3.28295e-05]'
[70.0299, 35.4251, -2.21074e-05]'
[71.3165, 34.258, -1.37269e-05]'
[72.5719, 33.102, -7.98199e-06]'
[73.7913, 31.9628, -5.10743e-06]'
[74.97, 30.8454, -5.27043e-06]'
[76.1038, 29.7546, -8.56446e-06]'
[77.1891, 28.6946, -1.50051e-05]'
[78.2227, 27.6695, -2.45288e-05]'
[79.2019, 26.6824, -3.69934e-05]'
[80.1247, 25.7364, -5.2182e-05]'
[80.9895, 24.8335, -6.98085e-05]'
[81.7953, 23.9757, -8.95259e-05]'
[82.5418, 23.1641, -0.000110936]'
[83.2291, 22.3993, -0.000133602]'
[83.8578, 21.6815, -0.000157061]'
[84.4292, 21.0103, -0.000180834]'
[84.9448, 20.3848, -0.000204449]'
[85.4069, 19.8039, -0.000227445]'
[85.818, 19.2659, -0.000249392]'
[86.1809, 18.7686, -0.0002699]'
[86.4988, 18.3099, -0.000288632]'
[86.7753, 17.8871, -0.000305314]'
[87.014, 17.4975, -0.000319737]'
[87.2188, 17.1382, -0.000331768]'
[87.3937, 16.8062, -0.000341346]'
[87.5426, 16.4983, -0.000348488]'
[87.6695, 16.2116, -0.000353279]'
[87.7785, 15.9432, -0.000355869]'
[87.8734, 15.69, -0.000356466]'
[87.958, 15.4494, -0.000355321]'
[88.0357, 15.2188, -0.000352722]'
[88.11, 14.9958, -0.000348974]'
[88.1839, 14.7784, -0.000344386]'
[88.2602, 14.5647, -0.000339256]'
[88.3414, 14.3531, -0.000333858]'
[88.4297, 14.1424, -0.000328422]'
[88.5269, 13.9316, -0.000323123]'
[88.6346, 13.7199, -0.000318069]'
[88.7539, 13.507, -0.00031329]'
[88.8856, 13.2928, -0.000308732]'
[89.0303, 13.0774, -0.000304247]'
[89.1883, 12.8612, -0.000299599]'
[89.3593, 12.6449, -0.000294456]'
[89.543, 12.4292, -0.000288403]'
[89.7388, 12.215, -0.000280945]'
[89.9459, 12.0035, -0.000271518]'
[90.1632, 11.796, -0.000259505]'
[90.3894, 11.5935, -0.000244252]'
[90.6234, 11.3975, -0.000225083]'
[90.8636, 11.2092, -0.000201328]'
[91.1085, 11.0298, -0.000172336]'
[91.3565, 10.8605, -0.000137503]'
[91.6061, 10.7023, -9.62911e-05]'
[91.8556, 10.5561, -4.82515e-05]'
[92.1036, 10.4228, 6.95716e-06]'
[92.3486, 10.3029, 6.95498e-05]'
[92.5892, 10.1969, 0.0001396]'
[92.8241, 10.1049, 0.000217027]'
[93.0521, 10.0269, 0.000301587]'
[93.2721, 9.96282, 0.000392869]'
[93.4831, 9.91216, 0.000490293]'
[93.6845, 9.87433, 0.000593113]'
[93.8754, 9.84857, 0.000700426]'
[94.0554, 9.83393, 0.000811182]'
[94.2239, 9.82929, 0.000924202]'
[94.3807, 9.83345, 0.00103819]'
[94.5256, 9.84509, 0.00115178]'
[94.6583, 9.86282, 0.00126352]'
[94.779, 9.88521, 0.00137193]'
[94.8876, 9.91082, 0.00147553]'
[94.9841, 9.93824, 0.00157288]'
[95.0688, 9.96611, 0.00166255]'
[95.1418, 9.99314, 0.00174323]'
[95.2032, 10.0182, 0.00181372]'
[95.2531, 10.0401, 0.00187294]'
[95.2918, 10.0582, 0.00191998]'
[95.3194, 10.0716, 0.00195412]'
[95.3413, 10.0826, 0.00198175]'
[289.139, 170.516, 0.0371531]'
[290.568, 170.556, 0.0369354]'
[294.827, 170.662, 0.0362869]'
[301.836, 170.786, 0.0352202]'
[311.461, 170.849, 0.0337562]'
[323.518, 170.746, 0.0319238]'
[337.778, 170.349, 0.0297585]'
[353.968, 169.511, 0.0273024]'
[371.779, 168.069, 0.0246029]'
[390.871, 165.855, 0.0217114]'
[410.88, 162.699, 0.0186826]'
[431.422, 158.435, 0.0155729]'
[452.102, 152.911, 0.0124396]'
[472.524, 145.99, 0.00933907]'
[492.291, 137.562, 0.00632592]'
[511.021, 127.546, 0.0034517]'
[528.344, 115.896, 0.000763847]'
[543.92, 102.605, -0.00169538]'
[557.432, 87.7084, -0.00388968]'
[568.602, 71.2833, -0.00578949]'
[577.19, 53.4532, -0.00737245]'
[582.998, 34.385, -0.00862384]'
[585.875, 14.2884, -0.00953674]'
[585.716, -6.58795, -0.010112]'
[582.467, -27.9595, -0.0103582]'
[576.121, -49.5117, -0.0102911]'
[566.72, -70.9056, -0.00993303]'
[554.352, -91.785, -0.00931271]'
[539.148, -111.784, -0.00846389]'
[521.281, -130.535, -0.00742469]'
[500.961, -147.677, -0.00623657]'
[478.429, -162.864, -0.00494319]'
[453.956, -175.773, -0.00358939]'
[427.832, -186.113, -0.00222001]'
[400.366, -193.631, -0.00087881]'
[371.88, -198.12, 0.000392572]'
[342.698, -199.422, 0.0015556]'
[313.147, -197.437, 0.00257572]'
[283.549, -192.123, 0.00342317]'
[254.216, -183.498, 0.00407354]'
[225.445, -171.644, 0.00450836]'
[197.516, -156.705, 0.00471535]'
[170.685, -138.883, 0.00468868]'
[145.187, -118.437, 0.00442892]'
[121.226, -95.6785, 0.00394292]'
[98.9805, -70.9651, 0.00324352]'
[78.5962, -44.6934, 0.00234909]'
[60.1902, -17.2922, 0.00128296]'
[43.8488, 10.7865, 7.27582e-05]'
[29.6288, 39.076, -0.00125043]'
[17.5581, 67.1046, -0.00265286]'
[7.63801, 94.4045, -0.00409907]'
[-0.155611, 120.521, -0.0055528]'
[-5.86958, 145.023, -0.00697793]'
[-9.5712, 167.509, -0.0083394]'
[-11.3456, 187.617, -0.0096041]'
[-11.2931, 205.028, -0.0107416]'
[-9.52662, 219.478, -0.0117251]'
[-6.16882, 230.757, -0.0125317]'
[-1.3499, 238.713, -0.0131432]'
[4.79488, 243.259, -0.0135464]'
[12.1273, 244.367, -0.0137334]'
[20.5079, 242.074, -0.0137015]'
[29.7977, 236.475, -0.0134534]'
[39.8596, 227.721, -0.0129971]'
[50.5592, 216.019, -0.0123454]'
[61.7655, 201.619, -0.0115156]'
[73.3516, 184.815, -0.0105291]'
[85.1947, 165.933, -0.00941055]'
[97.1764, 145.328, -0.0081875]'
[109.182, 123.369, -0.00688938]'
[121.102, 100.439, -0.00554691]'
[132.827, 76.9218, -0.00419127]'
[144.255, 53.1934, -0.00285334]'
[155.284, 29.6175, -0.0015629]'
[165.814, 6.53612, -0.000347979]'
[175.749, -15.736, 0.000765825]'
[184.993, -36.9175, 0.00175594]'
[193.453, -56.7648, 0.00260328]'
[201.037, -75.0761, 0.00329269]'
[207.656, -91.6939, 0.00381318]'
[213.225, -106.506, 0.00415815]'
[217.661, -119.448, 0.00432546]'
[220.887, -130.499, 0.00431735]'
[222.832, -139.683, 0.00414035]'
[223.43, -147.065, 0.00380497]'
[222.626, -152.747, 0.00332542]'
[220.374, -156.864, 0.00271912]'
[216.638, -159.581, 0.00200628]'
[211.397, -161.083, 0.00120928]'
[204.643, -161.574, 0.000352147]'
[196.384, -161.267, -0.00054011]'
[186.644, -160.38, -0.00144209]'
[175.465, -159.13, -0.00232863]'
[162.908, -157.728, -0.00317539]'
[149.05, -156.371, -0.00395941]'
[133.989, -155.238, -0.00465962]'
[117.842, -154.489, -0.00525731]'
[100.741, -154.257, -0.00573647]'
[82.837, -154.649, -0.00608413]'
[64.296, -155.741, -0.00629055]'
[45.2972, -157.578, -0.00634938]'
[26.0319, -160.176, -0.00625772]'
[6.70064, -163.518, -0.00601607]'
[-12.4893, -167.559, -0.00562824]'
[-31.3267, -172.227, -0.00510113]'
[-49.5996, -177.425, -0.00444452]'
[-67.0979, -183.035, -0.00367075]'
[-83.6172, -188.922, -0.00279434]'
[-98.9617, -194.936, -0.00183161]'
[-112.947, -200.918, -0.000800257]'
[-125.404, -206.704, 0.000281084]'
[-136.18, -212.13, 0.00139329]'
[-145.143, -217.036, 0.0025172]'
[-152.184, -221.268, 0.00363399]'
[-157.216, -224.684, 0.00472562]'
[-160.18, -227.157, 0.00577515]'
[-161.043, -228.579, 0.00676707]'
[-159.797, -228.86, 0.00768758]'
[-156.466, -227.932, 0.00852477]'
[-151.097, -225.751, 0.00926882]'
[-143.766, -222.298, 0.00991206]'
[-134.573, -217.574, 0.0104491]'
[-123.642, -211.608, 0.0108766]'
[-111.118, -204.448, 0.0111935]'
[-97.1671, -196.164, 0.0114008]'
[-81.969, -186.845, 0.0115014]'
[-65.7187, -176.595, 0.0114999]'
[-48.621, -165.534, 0.0114022]'
[-30.8879, -153.791, 0.0112158]'
[-12.7351, -141.506, 0.0109491]'
[5.62154, -128.819, 0.0106111]'
[23.9692, -115.877, 0.0102116]'
[42.1011, -102.824, 0.00976056]'
[59.8199, -89.7991, 0.0092679]'
[76.9403, -76.9365, 0.00874344]'
[93.2917, -64.3612, 0.00819664]'
[108.72, -52.1877, 0.00763638]'
[123.09, -40.5178, 0.00707087]'
[136.287, -29.44, 0.00650755]'
[148.218, -19.0279, 0.00595297]'
[158.81, -9.34011, 0.00541276]'
[168.014, -0.419941, 0.00489162]'
[175.803, 7.70454, 0.00439331]'
[182.171, 15.0199, 0.00392068]'
[187.134, 21.5266, 0.00347573]'
[190.726, 27.2379, 0.00305969]'
[193.001, 32.1788, 0.00267308]'
[194.026, 36.3841, 0.00231581]'
[193.886, 39.8977, 0.0019873]'
[192.676, 42.77, 0.00168655]'
[190.501, 45.0572, 0.00141227]'
[187.475, 46.8187, 0.00116296]'
[183.716, 48.1164, 0.000936988]'
[179.344, 49.0127, 0.000732702]'
[174.481, 49.569, 0.000548469]'
[169.246, 49.8451, 0.000382742]'
[163.755, 49.8974, 0.0002341]'
[158.12, 49.7784, 0.000101275]'
[152.442, 49.536, -1.68283e-05]'
[146.818, 49.2128, -0.000121132]'
[141.331, 48.8461, -0.000212392]'
[136.056, 48.4672, -0.000291212]'
[131.056, 48.1019, -0.000358069]'
[126.384, 47.7704, -0.000413342]'
[122.079, 47.4878, -0.000457343]'
[118.17, 47.264, -0.000490354]'
[114.674, 47.1049, -0.000512655]'
[111.599, 47.0122, -0.00052456]'
[108.942, 46.9845, -0.000526441]'
[106.693, 47.0176, -0.000518749]'
[104.832, 47.1052, -0.000502033]'
[103.335, 47.2395, -0.000476945]'
[102.17, 47.4116, -0.000444246]'
[101.305, 47.6123, -0.000404801]'
[100.7, 47.8322, -0.000359563]'
[100.319, 48.0621, -0.000309565]'
[100.122, 48.2938, -0.000255889]'
[100.071, 48.5195, -0.000199649]'
[100.128, 48.7329, -0.00014196]'
[100.261, 48.9285, -8.39075e-05]'
[100.438, 49.1024, -2.65244e-05]'
[100.632, 49.2516, 2.924e-05]'
[100.821, 49.3744, 8.25414e-05]'
[100.986, 49.4704, 0.000132661]'
[101.114, 49.5398, 0.000179019]'
[101.194, 49.5842, 0.000221188]'
[101.222, 49.6054, 0.000258892]'
[101.198, 49.6062, 0.000292005]'
[101.122, 49.5897, 0.000320548]'
[101.002, 49.559, 0.00034467]'
[100.844, 49.5179, 0.000364629]'
[100.66, 49.4698, 0.000380777]'
[100.46, 49.418, 0.000393527]'
[100.255, 49.366, 0.00040333]'
[100.059, 49.3165, 0.00041065]'
[99.8808, 49.2723, 0.000415929]'
[99.7313, 49.2356, 0.000419572]'
[99.6183, 49.208, 0.000421915]'
[99.5241, 49.1852, 0.00042363]'
[73.0688, 52.9415, 0.00477238]'
[73.0249, 52.941, 0.00474887]'
[72.8942, 52.9394, 0.00467872]'
[72.6793, 52.9371, 0.00456309]'
[72.3846, 52.9346, 0.00440392]'
[72.0159, 52.9326, 0.00420382]'
[71.5807, 52.9319, 0.00396608]'
[71.0877, 52.9336, 0.00369458]'
[70.5464, 52.9388, 0.00339369]'
[69.9673, 52.9486, 0.00306823]'
[69.3615, 52.9643, 0.00272333]'
[68.7403, 52.9871, 0.00236432]'
[68.1149, 53.0184, 0.00199669]'
[67.4963, 53.0592, 0.00162589]'
[66.8952, 53.1106, 0.00125732]'
[66.3213, 53.1736, 0.000896145]'
[65.7834, 53.2488, 0.000547261]'
[65.2891, 53.3367, 0.000215178]'
[64.8448, 53.4376, -9.6047e-05]'
[64.4555, 53.5514, -0.000382877]'
[64.1246, 53.6777, -0.000642346]'
[63.8542, 53.8159, -0.0008721]'
[63.6446, 53.9649, -0.00107042]'
[63.4948, 54.1232, -0.00123622]'
[63.4026, 54.2893, -0.00136908]'
[63.3643, 54.461, -0.00146918]'
[63.3753, 54.6361, -0.0015373]'
[63.43, 54.812, -0.00157475]'
[63.5221, 54.9859, -0.00158336]'
[63.6449, 55.1548, -0.00156538]'
[63.7914, 55.3158, -0.00152342]'
[63.9545, 55.4657, -0.00146038]'
[64.1273, 55.6017, -0.00137937]'
[64.3033, 55.7208, -0.00128364]'
[64.4764, 55.8204, -0.00117647]'
[64.6414, 55.8982, -0.00106114]'
[64.7936, 55.9523, -0.000940825]'
[64.9296, 55.9813, -0.000818553]'
[65.0468, 55.9844, -0.000697125]'
[65.1434, 55.9613, -0.000579081]'
[65.219, 55.9126, -0.000466658]'
[65.2737, 55.8396, -0.000361757]'
[65.3089, 55.7444, -0.000265926]'
[65.3265, 55.6298, -0.00018035]'
[65.3291, 55.4997, -0.000105852]'
[65.3197, 55.3587, -4.29017e-05]'
[65.3018, 55.2122, 8.36405e-06]'
[65.279, 55.0664, 4.81156e-05]'
[65.2547, 54.928, 7.6798e-05]'
[65.2323, 54.8047, 9.50928e-05]'
[65.2148, 54.7043, 0.000103876]'
[65.2047, 54.6352, 0.000104176]'
[65.2037, 54.6059, 9.71242e-05]'
[65.213, 54.625, 8.39158e-05]'
[65.233, 54.7012, 6.5764e-05]'
[65.2629, 54.8427, 4.38611e-05]'
[65.3016, 55.0575, 1.93438e-05]'
[65.3466, 55.3527, -6.73794e-06]'
[65.3951, 55.7348, -3.34454e-05]'
[65.4433, 56.2095, -5.99693e-05]'
[65.487, 56.7811, -8.56424e-05]'
[65.5214, 57.4529, -0.000109945]'
[65.5418, 58.2267, -0.000132504]'
[65.5429, 59.103, -0.000153086]'
[65.52, 60.0806, -0.000171589]'
[65.4682, 61.157, -0.000188019]'
[65.3836, 62.3277, -0.000202478]'
[65.2625, 63.587, -0.000215136]'
[65.1022, 64.9275, -0.000226207]'
[64.9009, 66.3405, -0.000235927]'
[64.6579, 67.8159, -0.000244527]'
[64.3735, 69.3423, -0.000252207]'
[64.0495, 70.9074, -0.000259121]'
[63.6885, 72.4981, -0.000265357]'
[63.2945, 74.1005, -0.00027092]'
[62.8725, 75.7006, -0.000275728]'
[62.4286, 77.2841, -0.000279603]'
[61.9696, 78.8366, -0.000282273]'
[61.5032, 80.3445, -0.000283379]'
[61.0374, 81.7945, -0.000282483]'
[60.5806, 83.1741, -0.000279082]'
[60.1412, 84.4721, -0.00027263]'
[59.7277, 85.6785, -0.000262556]'
[59.3477, 86.7847, -0.00024829]'
[59.0087, 87.7838, -0.000229289]'
[58.717, 88.6705, -0.00020506]'
[58.478, 89.4415, -0.000175192]'
[58.2958, 90.0954, -0.000139372]'
[58.1732, 90.6326, -9.74164e-05]'
[58.1116, 91.0554, -4.92817e-05]'
[58.1109, 91.3679, 4.91563e-06]'
[58.1694, 91.5761, 6.48904e-05]'
[58.2838, 91.6873, 0.000130184]'
[58.4497, 91.7105, 0.000200164]'
[58.6612, 91.6555, 0.00027403]'
[58.911, 91.5336, 0.000350827]'
[59.1914, 91.3565, 0.000429459]'
[59.4935, 91.1365, 0.000508716]'
[59.808, 90.8862, 0.000587295]'
[60.1255, 90.618, 0.000663834]'
[60.4365, 90.3441, 0.000736944]'
[60.7321, 90.0762, 0.000805243]'
[61.0037, 89.8251, 0.000867393]'
[61.2438, 89.6007, 0.000922138]'
[61.4459, 89.4116, 0.000968332]'
[61.6049, 89.2652, 0.00100498]'
[61.7172, 89.1672, 0.00103126]'
[61.7809, 89.122, 0.00104654]'
[61.7958, 89.1321, 0.00105044]'
[61.7635, 89.1985, 0.00104277]'
[61.6875, 89.3206, 0.00102361]'
[61.573, 89.4961, 0.000993281]'
[61.4268, 89.7214, 0.000952327]'
[61.2573, 89.9915, 0.000901527]'
[61.0741, 90.3003, 0.000841866]'
[60.8879, 90.6406, 0.000774509]'
[60.7101, 91.0044, 0.000700777]'
[60.5529, 91.3833, 0.000622109]'
[60.4283, 91.7684, 0.000540026]'
[60.3484, 92.1509, 0.000456094]'
[60.3247, 92.5218, 0.000371879]'
[60.3681, 92.8728, 0.000288909]'
[60.4882, 93.1959, 0.000208635]'
[60.6933, 93.484, 0.000132389]'
[60.9902, 93.7309, 6.13552e-05]'
[61.3837, 93.9313, -3.46494e-06]'
[61.8767, 94.0813, -6.12735e-05]'
[62.4701, 94.178, -0.000111497]'
[63.1625, 94.22, -0.000153798]'
[63.9504, 94.2069, -0.000188081]'
[64.8282, 94.1398, -0.00021449]'
[65.7883, 94.0209, -0.000233401]'
[66.8214, 93.8536, -0.000245405]'
[67.9163, 93.6421, -0.000251289]'
[69.0608, 93.3917, -0.000252006]'
[70.2411, 93.1083, -0.000248644]'
[71.4431, 92.7982, -0.000242391]'
[72.652, 92.4683, -0.000234493]'
[73.8529, 92.1252, -0.000226219]'
[75.0312, 91.776, -0.000218812]'
[76.1729, 91.4272, -0.000213458]'
[77.2648, 91.085, -0.00021124]'
[78.295, 90.7551, -0.000213106]'
[79.253, 90.4424, -0.000219837]'
[80.13, 90.1511, -0.000232025]'
[80.919, 89.8845, -0.000250044]'
[81.6152, 89.6448, -0.000274048]'
[82.2156, 89.4333, -0.000303952]'
[82.7195, 89.2504, -0.000339442]'
[83.1283, 89.0953, -0.000379978]'
[83.4452, 88.9666, -0.00042481]'
[83.6753, 88.8618, -0.000472995]'
[83.8256, 88.7778, -0.00052343]'
[83.9044, 88.7107, -0.000574877]'
[83.921, 88.6565, -0.000626007]'
[83.886, 88.6106, -0.000675428]'
[83.8104, 88.5682, -0.000721739]'
[83.7056, 88.5247, -0.000763559]'
[83.5828, 88.4755, -0.000799579]'
[83.4533, 88.4164, -0.000828594]'
[83.3273, 88.3436, -0.000849542]'
[83.2147, 88.2539, -0.000861537]'
[83.1239, 88.1446, -0.000863898]'
[83.0621, 88.014, -0.000856168]'
[83.0353, 87.8611, -0.000838129]'
[83.0475, 87.6857, -0.000809813]'
[83.1015, 87.4884, -0.000771504]'
[83.1983, 87.2709, -0.000723729]'
[83.3373, 87.0354, -0.000667246]'
[83.5163, 86.7848, -0.000603025]'
[83.7319, 86.5229, -0.000532223]'
[83.9793, 86.2537, -0.000456153]'
[84.2526, 85.9817, -0.000376247]'
[84.5454, 85.7118, -0.000294018]'
[84.8504, 85.4487, -0.00021102]'
[85.16, 85.1973, -0.000128804]'
[85.4666, 84.9621, -4.88791e-05]'
[85.7627, 84.7475, 2.73314e-05]'
[86.0415, 84.5572, 9.8525e-05]'
[86.2964, 84.3945, 0.000163555]'
[86.5219, 84.2619, 0.000221461]'
[86.7136, 84.1612, 0.000271491]'
[86.8678, 84.0933, 0.000313118]'
[86.9826, 84.0584, 0.000346054]'
[87.057, 84.0557, 0.000370253]'
[87.0913, 84.0836, 0.000385903]'
[87.0873, 84.1398, 0.000393423]'
[87.0477, 84.2212, 0.000393439]'
[86.9763, 84.324, 0.000386766]'
[86.878, 84.444, 0.000374376]'
[86.7584, 84.5765, 0.000357367]'
[86.6235, 84.7166, 0.000336926]'
[86.4797, 84.8593, 0.000314287]'
[86.3335, 84.9995, 0.000290696]'
[86.1914, 85.1323, 0.000267367]'
[86.0595, 85.2534, 0.000245444]'
[85.9433, 85.3584, 0.000225963]'
[85.8475, 85.444, 0.000209822]'
[85.7763, 85.5072, 0.000197751]'
[85.7174, 85.5591, 0.000187764]'
[98.75, 55.75, 0.00225]'
[98.7495, 55.7507, 0.00225]'
[98.7481, 55.7529, 0.00225]'
[98.7457, 55.7565, 0.00225]'
[98.7424, 55.7613, 0.00225]'
[98.7382, 55.7674, 0.00225]'
[98.7331, 55.7744, 0.00225]'
[98.7271, 55.7823, 0.00225]'
[98.7203, 55.7908, 0.00225]'
[98.7127, 55.7997, 0.00225]'
[98.7043, 55.809, 0.00225]'
[98.6951, 55.8184, 0.00225]'
[98.6852, 55.8277, 0.00225]'
[98.6746, 55.837, 0.00225]'
[98.6632, 55.846, 0.00225]'
[98.6512, 55.8548, 0.00225]'
[98.6385, 55.8633, 0.00225]'
[98.625, 55.8717, 0.00225]'
[98.6109, 55.8801, 0.00225]'
[98.596, 55.8886, 0.00225]'
[98.5804, 55.8974, 0.00225]'
[98.5639, 55.9068, 0.00225]'
[98.5467, 55.9169, 0.00225]'
[98.5286, 55.9281, 0.00225]'
[98.5096, 55.9407, 0.00225]'
[98.4898, 55.9549, 0.00225]'
[98.4689, 55.9709, 0.00225]'
[98.4471, 55.989, 0.00225]'
[98.4243, 56.0093, 0.00225]'
[98.4005, 56.032, 0.00225]'
[98.3756, 56.0571, 0.00225]'
[98.3497, 56.0846, 0.00225]'
[98.3229, 56.1144, 0.00225]'
[98.295, 56.1463, 0.00225]'
[98.2661, 56.1802, 0.00225]'
[98.2364, 56.2156, 0.00225]'
[98.2057, 56.2523, 0.00225]'
[98.1743, 56.2899, 0.00225]'
[98.1421, 56.3279, 0.00225]'
[98.1092, 56.3658, 0.00225]'
[98.0758, 56.4032, 0.00225]'
[98.0418, 56.4398, 0.00225]'
[98.0073, 56.475, 0.00225]'
[97.9724, 56.5087, 0.00225]'
[97.9372, 56.5407, 0.00225]'
[97.9017, 56.5709, 0.00225]'
[97.8658, 56.5995, 0.00225]'
[97.8297, 56.6266, 0.00225]'
[97.7933, 56.6528, 0.00225]'
[97.7565, 56.6788, 0.00225]'
[97.7193, 56.7054, 0.00225]'
[97.6817, 56.7338, 0.00225]'
[97.6434, 56.7654, 0.00225]'
[97.6043, 56.8018, 0.00225]'
[97.5643, 56.8448, 0.00225]'
[97.5232, 56.8964, 0.00225]'
[97.4807, 56.9588, 0.00225]'
[97.4366, 57.0344, 0.00225]'
[97.3907, 57.1257, 0.00225]'
[97.3427, 57.2353, 0.00225]'
[97.2923, 57.3658, 0.00225]'
[97.2393, 57.52, 0.00225]'
[97.1833, 57.7003, 0.00225]'
[97.1242, 57.9093, 0.00225]'
[97.0616, 58.1495, 0.00225]'
[96.9953, 58.423, 0.00225]'
[96.9252, 58.7317, 0.00225]'
[96.851, 59.0774, 0.00225]'
[96.7727, 59.4615, 0.00225]'
[96.6901, 59.885, 0.00225]'
[96.6032, 60.3484, 0.00225]'
[96.5119, 60.852, 0.00225]'
[96.4165, 61.3956, 0.00225]'
[96.3169, 61.9785, 0.00225]'
[96.2134, 62.5997, 0.00225]'
[96.1061, 63.2574, 0.00225]'
[95.9953, 63.9499, 0.00225]'
[95.8813, 64.6746, 0.00225]'
[95.7646, 65.4287, 0.00225]'
[95.6456, 66.2092, 0.00225]'
[95.5246, 67.0126, 0.00225]'
[95.4022, 67.8352, 0.00225]'
[95.2789, 68.6731, 0.00225]'
[95.1552, 69.5221, 0.00225]'
[95.0317, 70.3782, 0.00225]'
[94.909, 71.2371, 0.00225]'
[94.7876, 72.0947, 0.00225]'
[94.668, 72.9468, 0.00225]'
[94.5508, 73.7895, 0.00225]'
[94.4365, 74.619, 0.00225]'
[94.3255, 75.4318, 0.00225]'
[94.2184, 76.2246, 0.00225]'
[94.1155, 76.9946, 0.00225]'
[94.0171, 77.739, 0.00225]'
[93.9237, 78.4559, 0.00225]'
[93.8354, 79.1433, 0.00225]'
[93.7525, 79.8, 0.00225]'
[93.675, 80.4249, 0.00225]'
[93.6032, 81.0175, 0.00225]'
[93.537, 81.5778, 0.00225]'
[93.4764, 82.1057, 0.00225]'
[93.4214, 82.6021, 0.00225]'
[93.3719, 83.0677, 0.00225]'
[93.3277, 83.5038, 0.00225]'
[93.2886, 83.9117, 0.00225]'
[93.2545, 84.2932, 0.00225]'
[93.225, 84.6499, 0.00225]'
[93.2, 84.9839, 0.00225]'
[93.179, 85.2971, 0.00225]'
[93.1619, 85.5915, 0.00225]'
[93.1484, 85.8692, 0.00225]'
[93.1381, 86.132, 0.00225]'
[93.1307, 86.382, 0.00225]'
[93.126, 86.6208, 0.00225]'
[93.1237, 86.8501, 0.00225]'
[93.1235, 87.0714, 0.00225]'
[93.1253, 87.2859, 0.00225]'
[93.1287, 87.4948, 0.00225]'
[93.1337, 87.699, 0.00225]'
[93.1399, 87.8993, 0.00225]'
[93.1474, 88.0962, 0.00225]'
[93.1559, 88.2901, 0.00225]'
[93.1653, 88.4812, 0.00225]'
[93.1757, 88.6696, 0.00225]'
[93.1869, 88.8552, 0.00225]'
[93.1989, 89.0379, 0.00225]'
[93.2116, 89.2174, 0.00225]'
[93.2251, 89.3934, 0.00225]'
[93.2392, 89.5657, 0.00225]'
[93.2542, 89.7337, 0.00225]'
[93.2698, 89.8972, 0.00225]'
[93.2862, 90.0558, 0.00225]'
[93.3034, 90.2092, 0.00225]'
[93.3213, 90.3571, 0.00225]'
[93.3399, 90.4994, 0.00225]'
[93.3593, 90.6359, 0.00225]'
[93.3794, 90.7666, 0.00225]'
[93.4002, 90.8916, 0.00225]'
[93.4217, 91.0108, 0.00225]'
[93.4439, 91.1245, 0.00225]'
[93.4666, 91.233, 0.00225]'
[93.4899, 91.3366, 0.00225]'
[93.5136, 91.4355, 0.00225]'
[93.5378, 91.5303, 0.00225]'
[93.5623, 91.6212, 0.00225]'
[93.5871, 91.7089, 0.00225]'
[93.6121, 91.7936, 0.00225]'
[93.6372, 91.8759, 0.00225]'
[93.6623, 91.9561, 0.00225]'
[93.6875, 92.0347, 0.00225]'
[93.7125, 92.1119, 0.00225]'
[93.7373, 92.1881, 0.00225]'
[93.7619, 92.2634, 0.00225]'
[93.7863, 92.3382, 0.00225]'
[93.8102, 92.4125, 0.00225]'
[93.8338, 92.4864, 0.00225]'
[93.857, 92.5599, 0.00225]'
[93.8797, 92.633, 0.00225]'
[93.902, 92.7056, 0.00225]'
[93.9237, 92.7776, 0.00225]'
[93.945, 92.8489, 0.00225]'
[93.9657, 92.9193, 0.00225]'
[93.9859, 92.9886, 0.00225]'
[94.0056, 93.0566, 0.00225]'
[94.0247, 93.1231, 0.00225]'
[94.0434, 93.1879, 0.00225]'
[94.0615, 93.2509, 0.00225]'
[94.0792, 93.3118, 0.00225]'
[94.0963, 93.3707, 0.00225]'
[94.113, 93.4272, 0.00225]'
[94.1292, 93.4815, 0.00225]'
[94.1449, 93.5334, 0.00225]'
[94.1601, 93.5829, 0.00225]'
[94.1749, 93.6301, 0.00225]'
[94.1892, 93.6749, 0.00225]'
[94.203, 93.7176, 0.00225]'
[94.2163, 93.758, 0.00225]'
[94.2292, 93.7964, 0.00225]'
[94.2415, 93.8329, 0.00225]'
[94.2533, 93.8675, 0.00225]'
[94.2646, 93.9005, 0.00225]'
[94.2754, 93.9318, 0.00225]'
[94.2857, 93.9616, 0.00225]'
[94.2954, 93.99, 0.00225]'
[94.3046, 94.0171, 0.00225]'
[94.3132, 94.0428, 0.00225]'
[94.3212, 94.0673, 0.00225]'
[94.3287, 94.0904, 0.00225]'
[94.3356, 94.1123, 0.00225]'
[94.342, 94.1329, 0.00225]'
[94.3478, 94.152, 0.00225]'
[94.353, 94.1697, 0.00225]'
[94.3576, 94.1859, 0.00225]'
[94.3617, 94.2004, 0.00225]'
[94.3653, 94.2132, 0.00225]'
[94.3682, 94.2243, 0.00225]'
[94.3707, 94.2334, 0.00225]'
[94.3726, 94.2406, 0.00225]'
[94.3739, 94.2458, 0.00225]'
[94.375, 94.25, 0.00225]'
