[24.5225, 26.5953, 0.00121295]'
[24.8678, 27.8527, 0.0014543]'
[25.1991, 28.7005, 0.00164654]'
[25.5078, 29.2342, 0.00179525]'
[25.7874, 29.534, 0.00190563]'
[26.0335, 29.6669, 0.00198255]'
[26.2434, 29.6878, 0.00203052]'
[26.4156, 29.6416, 0.00205375]'
[26.5497, 29.564, 0.00205612]'
[26.6465, 29.4831, 0.00204119]'
[26.7073, 29.4204, 0.00201225]'
[26.734, 29.3915, 0.00197229]'
[26.7291, 29.4076, 0.00192403]'
[26.6952, 29.4754, 0.00186993]'
[26.6352, 29.5988, 0.0018122]'
[26.5523, 29.7787, 0.0017528]'
[26.4493, 30.014, 0.00169348]'
[26.3295, 30.3017, 0.00163576]'
[26.1956, 30.6379, 0.00158096]'
[26.0506, 31.0176, 0.00153021]'
[25.8971, 31.4352, 0.00148446]'
[25.7376, 31.8849, 0.00144448]'
[25.5743, 32.3606, 0.00141089]'
[25.4093, 32.8564, 0.00138415]'
[25.2444, 33.3665, 0.00136462]'
[25.0812, 33.8857, 0.00135248]'
[24.921, 34.4088, 0.00134783]'
[24.765, 34.9314, 0.00135066]'
[24.6141, 35.4496, 0.00136087]'
[24.4691, 35.9598, 0.00137824]'
[24.3304, 36.4592, 0.00140253]'
[24.1984, 36.9454, 0.00143338]'
[24.0734, 37.4167, 0.00147041]'
[23.9554, 37.8717, 0.00151317]'
[23.8443, 38.3098, 0.00156117]'
[23.7401, 38.7305, 0.00161389]'
[23.6424, 39.1339, 0.00167079]'
[23.5509, 39.5203, 0.0017313]'
[23.4652, 39.8906, 0.00179484]'
[23.385, 40.2457, 0.00186082]'
[23.3098, 40.5867, 0.00192867]'
[23.2391, 40.9151, 0.00199779]'
[23.1725, 41.2324, 0.00206761]'
[23.1097, 41.54, 0.00213757]'
[23.0501, 41.8395, 0.00220714]'
[22.9935, 42.1326, 0.00227579]'
[22.9394, 42.4207, 0.00234302]'
[22.8878, 42.7053, 0.00240838]'
[22.8383, 42.9877, 0.00247143]'
[22.7908, 43.2692, 0.00253176]'
[22.7452, 43.5508, 0.00258901]'
[22.7016, 43.8333, 0.00264285]'
[22.6601, 44.1176, 0.00269297]'
[22.6207, 44.4039, 0.00273913]'
[22.5836, 44.6928, 0.00278111]'
[22.5493, 44.9842, 0.00281874]'
[22.5179, 45.2779, 0.00285186]'
[22.49, 45.5738, 0.00288038]'
[22.466, 45.8711, 0.00290424]'
[22.4465, 46.1693, 0.00292341]'
[22.432, 46.4674, 0.0029379]'
[22.4231, 46.7643, 0.00294774]'
[22.4206, 47.0588, 0.00295302]'
[22.4251, 47.3496, 0.00295384]'
[22.4374, 47.6352, 0.00295034]'
[22.4581, 47.9141, 0.00294267]'
[22.4881, 48.1845, 0.00293102]'
[22.5281, 48.4448, 0.00291559]'
[22.5788, 48.6934, 0.00289663]'
[22.641, 48.9284, 0.00287436]'
[22.7154, 49.1481, 0.00284904]'
[22.8028, 49.3509, 0.00282096]'
[22.9037, 49.5352, 0.00279038]'
[23.0188, 49.6995, 0.0027576]'
[23.1487, 49.8422, 0.00272291]'
[23.294, 49.962, 0.00268659]'
[23.4551, 50.0578, 0.00264895]'
[23.6324, 50.1285, 0.00261027]'
[23.8264, 50.1733, 0.00257083]'
[24.0372, 50.1913, 0.00253092]'
[24.2652, 50.1822, 0.00249079]'
[24.5105, 50.1455, 0.00245071]'
[24.7732, 50.0812, 0.00241091]'
[25.0533, 49.9893, 0.00237161]'
[25.3507, 49.8702, 0.00233303]'
[25.6653, 49.7242, 0.00229536]'
[25.9969, 49.5523, 0.00225876]'
[26.3452, 49.3553, 0.00222339]'
[26.7099, 49.1343, 0.00218937]'
[27.0904, 48.8906, 0.00215681]'
[27.4864, 48.6259, 0.00212579]'
[27.8972, 48.3417, 0.00209638]'
[28.3222, 48.04, 0.00206862]'
[28.7608, 47.7228, 0.00204251]'
[29.2122, 47.3922, 0.00201805]'
[29.6757, 47.0506, 0.00199522]'
[30.1503, 46.7002, 0.00197396]'
[30.6353, 46.3437, 0.00195422]'
[31.1298, 45.9835, 0.00193589]'
[31.6328, 45.6222, 0.00191889]'
[32.1435, 45.2625, 0.00190308]'
[32.6608, 44.9069, 0.00188834]'
[33.1837, 44.5582, 0.00187452]'
[33.7114, 44.2188, 0.00186147]'
[34.2429, 43.8913, 0.00184902]'
[34.7772, 43.5781, 0.00183701]'
[35.3134, 43.2816, 0.00182526]'
[35.8505, 43.004, 0.00181361]'
[36.3877, 42.7473, 0.00180188]'
[36.9241, 42.5135, 0.0017899]'
[37.4589, 42.3044, 0.00177753]'
[37.9913, 42.1214, 0.00176461]'
[38.5206, 41.966, 0.001751]'
[39.0461, 41.8393, 0.00173659]'
[39.5672, 41.7422, 0.00172127]'
[40.0832, 41.6754, 0.00170495]'
[40.5937, 41.6393, 0.00168757]'
[41.0982, 41.6341, 0.00166909]'
[41.5963, 41.6597, 0.00164951]'
[42.0877, 41.7158, 0.00162883]'
[42.572, 41.8017, 0.00160711]'
[43.0492, 41.9168, 0.00158441]'
[43.5189, 42.0598, 0.00156085]'
[43.9812, 42.2294, 0.00153658]'
[44.4359, 42.4242, 0.00151176]'
[44.8832, 42.6423, 0.0014866]'
[45.323, 42.8817, 0.00146136]'
[45.7555, 43.1403, 0.00143631]'
[46.1809, 43.4157, 0.00141175]'
[46.5993, 43.7054, 0.00138804]'
[47.0111, 44.0069, 0.00136554]'
[47.4164, 44.3174, 0.00134465]'
[47.8156, 44.6341, 0.0013258]'
[48.2089, 44.9541, 0.00130943]'
[48.5968, 45.2746, 0.00129602]'
[48.9795, 45.5926, 0.00128604]'
[49.3574, 45.9052, 0.00127998]'
[49.7308, 46.2097, 0.00127835]'
[50.1, 46.5033, 0.00128164]'
[50.4653, 46.7834, 0.00129035]'
[50.8271, 47.0475, 0.00130496]'
[51.1854, 47.2933, 0.00132595]'
[51.5406, 47.5187, 0.00135374]'
[51.8927, 47.7217, 0.00138876]'
[52.2419, 47.9008, 0.00143138]'
[52.5883, 48.0545, 0.00148191]'
[52.9318, 48.1817, 0.00154063]'
[53.2725, 48.2816, 0.00160776]'
[53.61, 48.3537, 0.00168341]'
[53.9444, 48.3979, 0.00176765]'
[54.2753, 48.4142, 0.00186045]'
[54.6023, 48.4033, 0.00196168]'
[54.9252, 48.3659, 0.0020711]'
[55.2433, 48.3033, 0.00218837]'
[55.5564, 48.2169, 0.00231302]'
[55.8636, 48.1086, 0.00244445]'
[56.1645, 47.9803, 0.00258195]'
[56.4583, 47.8346, 0.00272466]'
[56.7442, 47.6741, 0.00287155]'
[57.0216, 47.5015, 0.00302149]'
[57.2897, 47.3198, 0.00317318]'
[57.5476, 47.1322, 0.00332516]'
[57.7946, 46.9419, 0.00347585]'
[58.0297, 46.7521, 0.00362351]'
[58.2523, 46.566, 0.00376627]'
[58.4616, 46.3866, 0.00390212]'
[58.6569, 46.2171, 0.00402894]'
[58.8374, 46.0599, 0.0041445]'
[59.0027, 45.9177, 0.00424648]'
[59.1522, 45.7923, 0.0043325]'
[59.2855, 45.6856, 0.00440012]'
[59.4023, 45.5984, 0.0044469]'
[59.5025, 45.5314, 0.00447041]'
[59.586, 45.4843, 0.00446828]'
[59.6529, 45.4563, 0.00443823]'
[59.7034, 45.4457, 0.00437813]'
[59.738, 45.4499, 0.00428608]'
[59.7572, 45.4656, 0.00416042]'
[59.7616, 45.4882, 0.00399985]'
[59.7522, 45.5125, 0.00380346]'
[59.73, 45.5322, 0.00357088]'
[59.6958, 45.54, 0.00330232]'
[59.6511, 45.5276, 0.00299869]'
[59.5969, 45.4858, 0.00266174]'
[59.5345, 45.4049, 0.00229417]'
[59.4651, 45.274, 0.00189975]'
[59.3898, 45.0821, 0.00148349]'
[59.3096, 44.8173, 0.00105184]'
[59.2251, 44.468, 0.00061279]'
[59.1367, 44.0224, 0.000176129]'
[59.0443, 43.4692, -0.000246373]'
[58.9471, 42.7979, -0.000640733]'
[58.8438, 41.9991, -0.000990512]'
[58.7319, 41.0652, -0.00127655]'
[58.6081, 39.991, -0.0014767]'
[58.4675, 38.7741, -0.00156549]'
[58.3039, 37.4159, -0.00151383]'
[58.1092, 35.9223, -0.00128866]'
[57.8732, 34.3048, -0.000852572]'
[57.5831, 32.5815, -0.000163403]'
[24.375, 19.125, 0.00275]'
[24.4704, 19.2446, 0.00275]'
[24.5708, 19.3518, 0.00275]'
[24.6744, 19.4511, 0.00275]'
[24.7798, 19.5456, 0.00275]'
[24.8858, 19.6381, 0.00275]'
[24.9917, 19.7306, 0.00275]'
[25.097, 19.8245, 0.00275]'
[25.2012, 19.921, 0.00275]'
[25.3041, 20.0206, 0.00275]'
[25.4058, 20.1237, 0.00275]'
[25.5061, 20.2303, 0.00275]'
[25.6053, 20.3403, 0.00275]'
[25.7036, 20.4535, 0.00275]'
[25.801, 20.5693, 0.00275]'
[25.8979, 20.6873, 0.00275]'
[25.9944, 20.8069, 0.00275]'
[26.0908, 20.9274, 0.00275]'
[26.1873, 21.0483, 0.00275]'
[26.2841, 21.1689, 0.00275]'
[26.3813, 21.2886, 0.00275]'
[26.479, 21.4067, 0.00275]'
[26.5774, 21.5229, 0.00275]'
[26.6764, 21.6365, 0.00275]'
[26.7761, 21.7472, 0.00275]'
[26.8765, 21.8546, 0.00275]'
[26.9775, 21.9582, 0.00275]'
[27.079, 22.058, 0.00275]'
[27.181, 22.1536, 0.00275]'
[27.2832, 22.2449, 0.00275]'
[27.3854, 22.3318, 0.00275]'
[27.4876, 22.4142, 0.00275]'
[27.5895, 22.4923, 0.00275]'
[27.6909, 22.5659, 0.00275]'
[27.7916, 22.6353, 0.00275]'
[27.8913, 22.7004, 0.00275]'
[27.9899, 22.7616, 0.00275]'
[28.0871, 22.819, 0.00275]'
[28.1828, 22.8727, 0.00275]'
[28.2767, 22.923, 0.00275]'
[28.3687, 22.9702, 0.00275]'
[28.4587, 23.0145, 0.00275]'
[28.5465, 23.0562, 0.00275]'
[28.632, 23.0954, 0.00275]'
[28.7153, 23.1326, 0.00275]'
[28.7962, 23.1679, 0.00275]'
[28.8748, 23.2016, 0.00275]'
[28.9511, 23.2339, 0.00275]'
[29.0253, 23.265, 0.00275]'
[29.0974, 23.2953, 0.00275]'
[29.1677, 23.3248, 0.00275]'
[29.2363, 23.3538, 0.00275]'
[29.3036, 23.3825, 0.00275]'
[29.3697, 23.4109, 0.00275]'
[29.4351, 23.4392, 0.00275]'
[29.5002, 23.4676, 0.00275]'
[29.5653, 23.4961, 0.00275]'
[29.6309, 23.5248, 0.00275]'
[29.6976, 23.5538, 0.00275]'
[29.7658, 23.5831, 0.00275]'
[29.8362, 23.6127, 0.00275]'
[29.9093, 23.6427, 0.00275]'
[29.9858, 23.6731, 0.00275]'
[30.0664, 23.7038, 0.00275]'
[30.1517, 23.7348, 0.00275]'
[30.2425, 23.7661, 0.00275]'
[30.3395, 23.7976, 0.00275]'
[30.4435, 23.8293, 0.00275]'
[30.5551, 23.8611, 0.00275]'
[30.6753, 23.8929, 0.00275]'
[30.8047, 23.9248, 0.00275]'
[30.9442, 23.9565, 0.00275]'
[31.0946, 23.9881, 0.00275]'
[31.2567, 24.0195, 0.00275]'
[31.4311, 24.0505, 0.00275]'
[31.6189, 24.0812, 0.00275]'
[31.8206, 24.1115, 0.00275]'
[32.037, 24.1414, 0.00275]'
[32.2689, 24.1706, 0.00275]'
[32.5171, 24.1993, 0.00275]'
[32.7821, 24.2274, 0.00275]'
[33.0647, 24.2549, 0.00275]'
[33.3655, 24.2817, 0.00275]'
[33.6852, 24.3078, 0.00275]'
[34.0242, 24.3332, 0.00275]'
[34.3832, 24.3579, 0.00275]'
[34.7626, 24.3819, 0.00275]'
[35.1629, 24.4053, 0.00275]'
[35.5845, 24.428, 0.00275]'
[36.0279, 24.4501, 0.00275]'
[36.4932, 24.4715, 0.00275]'
[36.9809, 24.4925, 0.00275]'
[37.4911, 24.5129, 0.00275]'
[38.0241, 24.5328, 0.00275]'
[38.58, 24.5524, 0.00275]'
[39.1588, 24.5715, 0.00275]'
[39.7606, 24.5903, 0.00275]'
[40.3853, 24.6089, 0.00275]'
[41.033, 24.6272, 0.00275]'
[41.7034, 24.6454, 0.00275]'
[42.3964, 24.6634, 0.00275]'
[43.1118, 24.6813, 0.00275]'
[43.8493, 24.6991, 0.00275]'
[44.6085, 24.7169, 0.00275]'
[45.389, 24.7346, 0.00275]'
[46.1905, 24.7523, 0.00275]'
[47.0124, 24.77, 0.00275]'
[47.8541, 24.7876, 0.00275]'
[48.7152, 24.8052, 0.00275]'
[49.5948, 24.8226, 0.00275]'
[50.4925, 24.84, 0.00275]'
[51.4074, 24.8571, 0.00275]'
[52.3388, 24.8739, 0.00275]'
[53.2859, 24.8904, 0.00275]'
[54.2478, 24.9065, 0.00275]'
[55.2236, 24.922, 0.00275]'
[56.2125, 24.9368, 0.00275]'
[57.2135, 24.9509, 0.00275]'
[58.2255, 24.964, 0.00275]'
[59.2477, 24.9761, 0.00275]'
[60.2788, 24.9869, 0.00275]'
[61.318, 24.9964, 0.00275]'
[62.3641, 25.0043, 0.00275]'
[63.416, 25.0105, 0.00275]'
[64.4727, 25.0148, 0.00275]'
[65.5328, 25.0171, 0.00275]'
[66.5955, 25.0172, 0.00275]'
[67.6594, 25.0148, 0.00275]'
[68.7234, 25.0099, 0.00275]'
[69.7864, 25.0023, 0.00275]'
[70.8473, 24.9918, 0.00275]'
[71.9048, 24.9783, 0.00275]'
[72.9578, 24.9617, 0.00275]'
[74.0053, 24.9419, 0.00275]'
[75.046, 24.9187, 0.00275]'
[76.0788, 24.8921, 0.00275]'
[77.1028, 24.862, 0.00275]'
[78.1167, 24.8285, 0.00275]'
[79.1196, 24.7914, 0.00275]'
[80.1104, 24.7509, 0.00275]'
[81.0881, 24.7069, 0.00275]'
[82.0519, 24.6595, 0.00275]'
[83.0006, 24.6089, 0.00275]'
[83.9336, 24.5552, 0.00275]'
[84.8498, 24.4985, 0.00275]'
[85.7486, 24.439, 0.00275]'
[86.6291, 24.377, 0.00275]'
[87.4906, 24.3127, 0.00275]'
[88.3326, 24.2465, 0.00275]'
[89.1544, 24.1786, 0.00275]'
[89.9554, 24.1094, 0.00275]'
[90.7352, 24.0393, 0.00275]'
[91.4934, 23.9687, 0.00275]'
[92.2295, 23.8979, 0.00275]'
[92.9434, 23.8275, 0.00275]'
[93.6348, 23.758, 0.00275]'
[94.3035, 23.6897, 0.00275]'
[94.9495, 23.6231, 0.00275]'
[95.5728, 23.5588, 0.00275]'
[96.1734, 23.4973, 0.00275]'
[96.7516, 23.439, 0.00275]'
[97.3075, 23.3843, 0.00275]'
[97.8416, 23.3338, 0.00275]'
[98.3541, 23.2878, 0.00275]'
[98.8455, 23.2468, 0.00275]'
[99.3165, 23.2112, 0.00275]'
[99.7677, 23.1811, 0.00275]'
[100.2, 23.157, 0.00275]'
[100.613, 23.139, 0.00275]'
[101.01, 23.1273, 0.00275]'
[101.39, 23.1219, 0.00275]'
[101.754, 23.123, 0.00275]'
[102.104, 23.1304, 0.00275]'
[102.441, 23.1439, 0.00275]'
[102.766, 23.1634, 0.00275]'
[103.08, 23.1886, 0.00275]'
[103.384, 23.219, 0.00275]'
[103.681, 23.2542, 0.00275]'
[103.971, 23.2936, 0.00275]'
[104.255, 23.3366, 0.00275]'
[104.535, 23.3824, 0.00275]'
[104.813, 23.4302, 0.00275]'
[105.089, 23.4792, 0.00275]'
[105.366, 23.5285, 0.00275]'
[105.643, 23.5773, 0.00275]'
[105.923, 23.6245, 0.00275]'
[106.206, 23.6694, 0.00275]'
[106.493, 23.7111, 0.00275]'
[106.784, 23.7489, 0.00275]'
[107.081, 23.7823, 0.00275]'
[107.384, 23.8107, 0.00275]'
[107.692, 23.8341, 0.00275]'
[108.005, 23.8525, 0.00275]'
[108.322, 23.8665, 0.00275]'
[108.642, 23.877, 0.00275]'
[108.964, 23.8855, 0.00275]'
[109.286, 23.8941, 0.00275]'
[109.604, 23.9057, 0.00275]'
[109.915, 23.9239, 0.00275]'
[110.216, 23.9534, 0.00275]'
[41.125, 54.25, 0.00275]'
[41.1475, 54.3035, 0.00275]'
[41.1669, 54.3699, 0.00275]'
[41.1841, 54.4446, 0.00275]'
[41.2002, 54.5244, 0.00275]'
[41.2157, 54.6063, 0.00275]'
[41.2312, 54.6883, 0.00275]'
[41.247, 54.7689, 0.00275]'
[41.2636, 54.8469, 0.00275]'
[41.2809, 54.9215, 0.00275]'
[41.2991, 54.9926, 0.00275]'
[41.3183, 55.0598, 0.00275]'
[41.3383, 55.1233, 0.00275]'
[41.3592, 55.1835, 0.00275]'
[41.3808, 55.2406, 0.00275]'
[41.4029, 55.2952, 0.00275]'
[41.4255, 55.3479, 0.00275]'
[41.4484, 55.3993, 0.00275]'
[41.4714, 55.4499, 0.00275]'
[41.4944, 55.5005, 0.00275]'
[41.5172, 55.5516, 0.00275]'
[41.5397, 55.6039, 0.00275]'
[41.5618, 55.6578, 0.00275]'
[41.5834, 55.714, 0.00275]'
[41.6044, 55.7728, 0.00275]'
[41.6246, 55.8347, 0.00275]'
[41.644, 55.9, 0.00275]'
[41.6625, 55.969, 0.00275]'
[41.6802, 56.042, 0.00275]'
[41.6969, 56.1191, 0.00275]'
[41.7127, 56.2006, 0.00275]'
[41.7275, 56.2864, 0.00275]'
[41.7414, 56.3766, 0.00275]'
[41.7543, 56.4712, 0.00275]'
[41.7663, 56.5703, 0.00275]'
[41.7774, 56.6736, 0.00275]'
[41.7877, 56.7811, 0.00275]'
[41.7971, 56.8927, 0.00275]'
[41.8058, 57.0082, 0.00275]'
[41.8137, 57.1274, 0.00275]'
[41.8209, 57.2502, 0.00275]'
[41.8276, 57.3763, 0.00275]'
[41.8336, 57.5057, 0.00275]'
[41.839, 57.638, 0.00275]'
[41.844, 57.773, 0.00275]'
[41.8485, 57.9107, 0.00275]'
[41.8526, 58.0507, 0.00275]'
[41.8563, 58.193, 0.00275]'
[41.8596, 58.3373, 0.00275]'
[41.8626, 58.4835, 0.00275]'
[41.8652, 58.6315, 0.00275]'
[41.8676, 58.7811, 0.00275]'
[41.8696, 58.9322, 0.00275]'
[41.8713, 59.0849, 0.00275]'
[41.8727, 59.2389, 0.00275]'
[41.8739, 59.3943, 0.00275]'
[41.8746, 59.551, 0.00275]'
[41.8751, 59.709, 0.00275]'
[41.8751, 59.8683, 0.00275]'
[41.8748, 60.029, 0.00275]'
[41.874, 60.1911, 0.00275]'
[41.8727, 60.3547, 0.00275]'
[41.8709, 60.5198, 0.00275]'
[41.8686, 60.6865, 0.00275]'
[41.8657, 60.855, 0.00275]'
[41.8621, 61.0253, 0.00275]'
[41.8578, 61.1976, 0.00275]'
[41.8528, 61.372, 0.00275]'
[41.8469, 61.5487, 0.00275]'
[41.8402, 61.7277, 0.00275]'
[41.8326, 61.9093, 0.00275]'
[41.8239, 62.0936, 0.00275]'
[41.8143, 62.2808, 0.00275]'
[41.8036, 62.471, 0.00275]'
[41.7917, 62.6644, 0.00275]'
[41.7787, 62.8612, 0.00275]'
[41.7644, 63.0614, 0.00275]'
[41.7488, 63.2653, 0.00275]'
[41.7319, 63.4731, 0.00275]'
[41.7137, 63.6847, 0.00275]'
[41.694, 63.9005, 0.00275]'
[41.6728, 64.1205, 0.00275]'
[41.6501, 64.3449, 0.00275]'
[41.6259, 64.5738, 0.00275]'
[41.6001, 64.8073, 0.00275]'
[41.5727, 65.0454, 0.00275]'
[41.5436, 65.2884, 0.00275]'
[41.5129, 65.5363, 0.00275]'
[41.4805, 65.7892, 0.00275]'
[41.4463, 66.0472, 0.00275]'
[41.4104, 66.3104, 0.00275]'
[41.3728, 66.5787, 0.00275]'
[41.3333, 66.8524, 0.00275]'
[41.292, 67.1314, 0.00275]'
[41.2488, 67.4158, 0.00275]'
[41.2038, 67.7057, 0.00275]'
[41.1569, 68.0011, 0.00275]'
[41.1081, 68.302, 0.00275]'
[41.0574, 68.6086, 0.00275]'
[41.0048, 68.9207, 0.00275]'
[40.9502, 69.2385, 0.00275]'
[40.8936, 69.562, 0.00275]'
[40.835, 69.8912, 0.00275]'
[40.7744, 70.2262, 0.00275]'
[40.7118, 70.567, 0.00275]'
[40.6471, 70.9136, 0.00275]'
[40.5804, 71.2661, 0.00275]'
[40.5115, 71.6244, 0.00275]'
[40.4406, 71.9887, 0.00275]'
[40.3675, 72.3588, 0.00275]'
[40.2922, 72.735, 0.00275]'
[40.2148, 73.1171, 0.00275]'
[40.1351, 73.5053, 0.00275]'
[40.0533, 73.8995, 0.00275]'
[39.9693, 74.2997, 0.00275]'
[39.883, 74.706, 0.00275]'
[39.7944, 75.1184, 0.00275]'
[39.7036, 75.5369, 0.00275]'
[39.6106, 75.9614, 0.00275]'
[39.5152, 76.3919, 0.00275]'
[39.4177, 76.8285, 0.00275]'
[39.3178, 77.271, 0.00275]'
[39.2158, 77.7195, 0.00275]'
[39.1115, 78.1738, 0.00275]'
[39.0051, 78.6339, 0.00275]'
[38.8965, 79.0996, 0.00275]'
[38.7858, 79.5709, 0.00275]'
[38.6731, 80.0476, 0.00275]'
[38.5583, 80.5296, 0.00275]'
[38.4417, 81.0165, 0.00275]'
[38.3232, 81.5083, 0.00275]'
[38.203, 82.0047, 0.00275]'
[38.0812, 82.5053, 0.00275]'
[37.9579, 83.01, 0.00275]'
[37.8332, 83.5182, 0.00275]'
[37.7072, 84.0298, 0.00275]'
[37.5802, 84.5442, 0.00275]'
[37.4522, 85.061, 0.00275]'
[37.3236, 85.5797, 0.00275]'
[37.1943, 86.0999, 0.00275]'
[37.0648, 86.621, 0.00275]'
[36.9352, 87.1424, 0.00275]'
[36.8056, 87.6635, 0.00275]'
[36.6765, 88.1836, 0.00275]'
[36.548, 88.7021, 0.00275]'
[36.4203, 89.2183, 0.00275]'
[36.2939, 89.7314, 0.00275]'
[36.1688, 90.2408, 0.00275]'
[36.0455, 90.7455, 0.00275]'
[35.9243, 91.2449, 0.00275]'
[35.8053, 91.7381, 0.00275]'
[35.689, 92.2243, 0.00275]'
[35.5756, 92.7028, 0.00275]'
[35.4655, 93.1726, 0.00275]'
[35.3588, 93.6331, 0.00275]'
[35.2559, 94.0834, 0.00275]'
[35.1572, 94.5228, 0.00275]'
[35.0627, 94.9506, 0.00275]'
[34.9729, 95.366, 0.00275]'
[34.8879, 95.7684, 0.00275]'
[34.8079, 96.1572, 0.00275]'
[34.7331, 96.5319, 0.00275]'
[34.6637, 96.892, 0.00275]'
[34.5999, 97.2372, 0.00275]'
[34.5417, 97.567, 0.00275]'
[34.4892, 97.8814, 0.00275]'
[34.4424, 98.1803, 0.00275]'
[34.4013, 98.4635, 0.00275]'
[34.3659, 98.7313, 0.00275]'
[34.3361, 98.9838, 0.00275]'
[34.3116, 99.2215, 0.00275]'
[34.2925, 99.4448, 0.00275]'
[34.2783, 99.6544, 0.00275]'
[34.2688, 99.8511, 0.00275]'
[34.2637, 100.036, 0.00275]'
[34.2625, 100.209, 0.00275]'
[34.265, 100.373, 0.00275]'
[34.2705, 100.528, 0.00275]'
[34.2785, 100.677, 0.00275]'
[34.2885, 100.819, 0.00275]'
[34.3, 100.958, 0.00275]'
[34.3123, 101.094, 0.00275]'
[34.3248, 101.23, 0.00275]'
[34.3369, 101.366, 0.00275]'
[34.3479, 101.506, 0.00275]'
[34.3574, 101.65, 0.00275]'
[34.3646, 101.8, 0.00275]'
[34.3693, 101.957, 0.00275]'
[34.3709, 102.122, 0.00275]'
[34.3691, 102.297, 0.00275]'
[34.3638, 102.482, 0.00275]'
[34.355, 102.676, 0.00275]'
[34.3429, 102.88, 0.00275]'
[34.3279, 103.092, 0.00275]'
[34.3108, 103.31, 0.00275]'
[34.2925, 103.531, 0.00275]'
[34.2744, 103.752, 0.00275]'
[34.2586, 103.966, 0.00275]'
[34.2471, 104.168, 0.00275]'
[34.2431, 104.349, 0.00275]'
[15.0314, 72.1436, -0.000721395]'
[14.0239, 71.8041, -0.000976467]'
[13.2101, 71.6831, -0.00115978]'
[12.575, 71.7398, -0.00127794]'
[12.1036, 71.9389, -0.00133732]'
[11.7807, 72.2499, -0.0013441]'
[11.5913, 72.6469, -0.00130421]'
[11.5207, 73.1076, -0.00122331]'
[11.5548, 73.6131, -0.00110679]'
[11.6798, 74.1476, -0.000959765]'
[11.8829, 74.6979, -0.000787061]'
[12.1519, 75.2532, -0.000593207]'
[12.4754, 75.8045, -0.000382436]'
[12.8428, 76.3446, -0.000158688]'
[13.2445, 76.8677, 7.43937e-05]'
[13.6717, 77.3695, 0.000313454]'
[14.1165, 77.8466, 0.000555425]'
[14.5719, 78.2966, 0.000797517]'
[15.0318, 78.7176, 0.00103721]'
[15.4908, 79.1086, 0.00127226]'
[15.9447, 79.4691, 0.00150067]'
[16.3897, 79.7989, 0.00172067]'
[16.8229, 80.0981, 0.00193076]'
[17.242, 80.3671, 0.00212964]'
[17.6457, 80.6066, 0.00231622]'
[18.033, 80.8173, 0.00248963]'
[18.4035, 81, 0.00264917]'
[18.7574, 81.1556, 0.00279433]'
[19.0955, 81.285, 0.00292476]'
[19.4186, 81.3892, 0.00304026]'
[19.7284, 81.4689, 0.00314077]'
[20.0265, 81.5251, 0.00322637]'
[20.315, 81.5587, 0.00329726]'
[20.5961, 81.5704, 0.00335373]'
[20.8723, 81.5609, 0.00339617]'
[21.1462, 81.5311, 0.00342508]'
[21.4204, 81.4815, 0.00344101]'
[21.6976, 81.4127, 0.00344458]'
[21.9806, 81.3255, 0.00343647]'
[22.2721, 81.2202, 0.0034174]'
[22.5748, 81.0975, 0.00338815]'
[22.8912, 80.9578, 0.0033495]'
[23.2239, 80.8017, 0.00330228]'
[23.5753, 80.6296, 0.00324731]'
[23.9475, 80.442, 0.00318544]'
[24.3427, 80.2394, 0.0031175]'
[24.7626, 80.0223, 0.00304434]'
[25.209, 79.7911, 0.00296678]'
[25.6833, 79.5465, 0.00288564]'
[26.1868, 79.2888, 0.0028017]'
[26.7205, 79.0187, 0.00271576]'
[27.2851, 78.7368, 0.00262854]'
[27.8813, 78.4436, 0.00254076]'
[28.5094, 78.1397, 0.0024531]'
[29.1695, 77.8258, 0.00236621]'
[29.8614, 77.5026, 0.00228069]'
[30.5848, 77.1707, 0.00219712]'
[31.3392, 76.8308, 0.00211601]'
[32.1237, 76.4837, 0.00203786]'
[32.9375, 76.13, 0.00196309]'
[33.7793, 75.7706, 0.00189212]'
[34.6479, 75.4062, 0.00182529]'
[35.5418, 75.0374, 0.00176291]'
[36.4592, 74.6652, 0.00170525]'
[37.3984, 74.2902, 0.00165254]'
[38.3576, 73.9133, 0.00160494]'
[39.3346, 73.535, 0.00156261]'
[40.3274, 73.1562, 0.00152564]'
[41.3338, 72.7775, 0.00149409]'
[42.3514, 72.3997, 0.00146799]'
[43.3781, 72.0235, 0.00144731]'
[44.4114, 71.6493, 0.00143202]'
[45.4489, 71.2779, 0.00142203]'
[46.4883, 70.9098, 0.00141723]'
[47.5272, 70.5456, 0.00141748]'
[48.5633, 70.1857, 0.00142261]'
[49.5941, 69.8307, 0.00143243]'
[50.6174, 69.4809, 0.00144672]'
[51.631, 69.1368, 0.00146525]'
[52.6326, 68.7987, 0.00148776]'
[53.6203, 68.467, 0.00151399]'
[54.5918, 68.1419, 0.00154363]'
[55.5455, 67.8237, 0.00157641]'
[56.4793, 67.5127, 0.001612]'
[57.3916, 67.2089, 0.00165009]'
[58.2809, 66.9127, 0.00169037]'
[59.1455, 66.6241, 0.00173249]'
[59.9841, 66.3434, 0.00177613]'
[60.7955, 66.0705, 0.00182097]'
[61.5786, 65.8056, 0.00186667]'
[62.3323, 65.5489, 0.00191291]'
[63.0559, 65.3005, 0.00195936]'
[63.7486, 65.0603, 0.00200571]'
[64.4097, 64.8287, 0.00205167]'
[65.0389, 64.6056, 0.00209691]'
[65.6358, 64.3912, 0.00214117]'
[66.2001, 64.1858, 0.00218417]'
[66.7318, 63.9894, 0.00222565]'
[67.2309, 63.8024, 0.00226535]'
[67.6975, 63.6249, 0.00230305]'
[68.1318, 63.4574, 0.00233852]'
[68.5342, 63.3, 0.00237159]'
[68.9052, 63.1533, 0.00240205]'
[69.2451, 63.0177, 0.00242976]'
[69.5547, 62.8936, 0.00245456]'
[69.8346, 62.7816, 0.00247634]'
[70.0856, 62.6824, 0.00249498]'
[70.3085, 62.5964, 0.00251042]'
[70.5041, 62.5246, 0.00252258]'
[70.6734, 62.4675, 0.00253143]'
[70.8173, 62.4262, 0.00253694]'
[70.9368, 62.4013, 0.00253911]'
[71.033, 62.3938, 0.00253797]'
[71.1069, 62.4047, 0.00253356]'
[71.1596, 62.4351, 0.00252594]'
[71.1921, 62.4858, 0.00251519]'
[71.2055, 62.558, 0.00250142]'
[71.2009, 62.6528, 0.00248473]'
[71.1793, 62.7712, 0.00246529]'
[71.1419, 62.9145, 0.00244323]'
[71.0895, 63.0836, 0.00241874]'
[71.0234, 63.2797, 0.002392]'
[70.9444, 63.5039, 0.00236322]'
[70.8535, 63.7573, 0.00233263]'
[70.7517, 64.0407, 0.00230046]'
[70.6399, 64.3553, 0.00226695]'
[70.5189, 64.7019, 0.00223235]'
[70.3896, 65.0814, 0.00219695]'
[70.2528, 65.4944, 0.00216101]'
[70.1093, 65.9416, 0.00212483]'
[69.9598, 66.4236, 0.00208867]'
[69.805, 66.9408, 0.00205285]'
[69.6456, 67.4934, 0.00201766]'
[69.4823, 68.0816, 0.00198339]'
[69.3155, 68.7054, 0.00195033]'
[69.1461, 69.3646, 0.00191879]'
[68.9744, 70.0588, 0.00188905]'
[68.801, 70.7875, 0.00186139]'
[68.6264, 71.5499, 0.00183608]'
[68.4512, 72.3453, 0.00181339]'
[68.2758, 73.1723, 0.00179357]'
[68.1006, 74.0297, 0.00177684]'
[67.9261, 74.916, 0.00176344]'
[67.7528, 75.8294, 0.00175354]'
[67.5811, 76.7678, 0.00174734]'
[67.4114, 77.7293, 0.00174498]'
[67.2442, 78.7113, 0.00174658]'
[67.0798, 79.7114, 0.00175225]'
[66.9188, 80.7266, 0.00176204]'
[66.7615, 81.7542, 0.001776]'
[66.6083, 82.791, 0.00179411]'
[66.4597, 83.8337, 0.00181634]'
[66.3162, 84.8789, 0.00184261]'
[66.178, 85.9231, 0.0018728]'
[66.0457, 86.9627, 0.00190674]'
[65.9196, 87.994, 0.00194422]'
[65.8002, 89.0134, 0.00198499]'
[65.6877, 90.0169, 0.00202876]'
[65.5826, 91.001, 0.00207516]'
[65.4852, 91.9618, 0.00212381]'
[65.3958, 92.8959, 0.00217425]'
[65.3146, 93.7997, 0.002226]'
[65.2419, 94.6699, 0.0022785]'
[65.1777, 95.5033, 0.00233119]'
[65.1223, 96.297, 0.00238341]'
[65.0755, 97.0484, 0.0024345]'
[65.0375, 97.755, 0.00248375]'
[65.0081, 98.415, 0.0025304]'
[64.9871, 99.0267, 0.0025737]'
[64.9741, 99.5889, 0.00261283]'
[64.9689, 100.101, 0.00264698]'
[64.971, 100.562, 0.00267533]'
[64.9797, 100.974, 0.00269706]'
[64.9946, 101.335, 0.00271136]'
[65.0147, 101.649, 0.00271744]'
[65.0393, 101.917, 0.00271456]'
[65.0676, 102.141, 0.00270203]'
[65.0986, 102.325, 0.00267924]'
[65.1314, 102.472, 0.00264565]'
[65.1649, 102.587, 0.00260086]'
[65.1985, 102.674, 0.00254461]'
[65.2311, 102.738, 0.0024768]'
[65.2621, 102.785, 0.00239752]'
[65.291, 102.82, 0.0023071]'
[65.3176, 102.85, 0.00220614]'
[65.3418, 102.881, 0.00209556]'
[65.3643, 102.919, 0.00197661]'
[65.386, 102.97, 0.00185095]'
[65.4086, 103.038, 0.0017207]'
[65.4346, 103.129, 0.0015885]'
[65.4674, 103.247, 0.00145753]'
[65.5115, 103.393, 0.00133164]'
[65.5728, 103.569, 0.00121539]'
[65.6585, 103.773, 0.00111411]'
[65.778, 104.002, 0.00103405]'
[65.9423, 104.249, 0.000982377]'
[66.1649, 104.505, 0.000967366]'
[66.462, 104.756, 0.000998453]'
[66.8528, 104.982, 0.00108636]'
[67.3599, 105.161, 0.00124324]'
[50.8407, 76.9523, 0.00356377]'
[50.8954, 77.2604, 0.00295952]'
[50.9107, 77.5538, 0.00268713]'
[50.9022, 77.8263, 0.00266563]'
[50.8822, 78.0737, 0.00282659]'
[50.8602, 78.2936, 0.0031127]'
[50.8435, 78.4848, 0.00347654]'
[50.8369, 78.6475, 0.00387938]'
[50.8439, 78.7826, 0.00429009]'
[50.8664, 78.8921, 0.00468425]'
[50.9051, 78.9781, 0.00504319]'
[50.9598, 79.0433, 0.00535322]'
[51.0295, 79.0907, 0.00560492]'
[51.1125, 79.1234, 0.00579247]'
[51.207, 79.1445, 0.00591308]'
[51.3106, 79.1571, 0.00596646]'
[51.421, 79.1642, 0.00595437]'
[51.5356, 79.1687, 0.00588018]'
[51.6522, 79.1732, 0.00574853]'
[51.7683, 79.18, 0.005565]'
[51.8819, 79.1913, 0.00533584]'
[51.991, 79.209, 0.00506772]'
[52.094, 79.2346, 0.00476752]'
[52.1896, 79.2695, 0.00444217]'
[52.2766, 79.3146, 0.0040985]'
[52.3544, 79.3707, 0.00374307]'
[52.4226, 79.4382, 0.00338216]'
[52.4811, 79.5174, 0.00302161]'
[52.5301, 79.6082, 0.0026668]'
[52.5702, 79.7103, 0.00232259]'
[52.6023, 79.8234, 0.00199332]'
[52.6275, 79.9469, 0.00168274]'
[52.6471, 80.08, 0.00139406]'
[52.6628, 80.2217, 0.00112991]'
[52.6764, 80.3711, 0.000892386]'
[52.6899, 80.5272, 0.000683035]'
[52.7054, 80.6887, 0.000502911]'
[52.7253, 80.8545, 0.000352586]'
[52.752, 81.0233, 0.000232189]'
[52.7877, 81.1939, 0.000141438]'
[52.8352, 81.3652, 7.96817e-05]'
[52.8968, 81.5359, 4.59358e-05]'
[52.9751, 81.7049, 3.89241e-05]'
[53.0725, 81.8711, 5.71174e-05]'
[53.1915, 82.0334, 9.87736e-05]'
[53.3344, 82.191, 0.000161976]'
[53.5033, 82.3429, 0.000244672]'
[53.7005, 82.4883, 0.000344705]'
[53.9278, 82.6267, 0.000459855]'
[54.1872, 82.7574, 0.000587865]'
[54.4801, 82.8799, 0.000726475]'
[54.8082, 82.9939, 0.000873445]'
[55.1726, 83.0991, 0.00102659]'
[55.5745, 83.1954, 0.00118378]'
[56.0147, 83.2826, 0.001343]'
[56.4938, 83.3608, 0.00150232]'
[57.0124, 83.4301, 0.00165996]'
[57.5706, 83.4907, 0.00181425]'
[58.1684, 83.543, 0.00196368]'
[58.8056, 83.5872, 0.0021069]'
[59.4818, 83.6239, 0.00224271]'
[60.1963, 83.6535, 0.00237009]'
[60.9483, 83.6766, 0.00248817]'
[61.7368, 83.6937, 0.00259625]'
[62.5604, 83.7055, 0.0026938]'
[63.4179, 83.7126, 0.00278045]'
[64.3076, 83.7158, 0.00285597]'
[65.2278, 83.7156, 0.00292029]'
[66.1765, 83.7128, 0.00297349]'
[67.1519, 83.708, 0.00301576]'
[68.1516, 83.7019, 0.00304744]'
[69.1734, 83.6951, 0.00306894]'
[70.2151, 83.6883, 0.00308082]'
[71.2741, 83.6819, 0.00308369]'
[72.348, 83.6767, 0.00307827]'
[73.4342, 83.6729, 0.00306531]'
[74.5301, 83.6711, 0.00304565]'
[75.6331, 83.6716, 0.00302015]'
[76.7406, 83.6747, 0.00298972]'
[77.85, 83.6807, 0.00295525]'
[78.9587, 83.6898, 0.00291769]'
[80.064, 83.702, 0.00287794]'
[81.1636, 83.7175, 0.00283693]'
[82.255, 83.7361, 0.00279554]'
[83.3357, 83.7579, 0.00275463]'
[84.4035, 83.7826, 0.00271501]'
[85.4562, 83.81, 0.00267746]'
[86.4916, 83.8398, 0.0026427]'
[87.5078, 83.8718, 0.0026114]'
[88.5029, 83.9054, 0.00258415]'
[89.4752, 83.9402, 0.00256148]'
[90.4231, 83.9757, 0.00254387]'
[91.345, 84.0115, 0.0025317]'
[92.2397, 84.0468, 0.00252531]'
[93.1061, 84.0811, 0.00252492]'
[93.943, 84.1137, 0.00253072]'
[94.7497, 84.1441, 0.00254281]'
[95.5255, 84.1714, 0.00256121]'
[96.2697, 84.1951, 0.0025859]'
[96.982, 84.2144, 0.00261678]'
[97.6622, 84.2288, 0.00265367]'
[98.3102, 84.2375, 0.00269637]'
[98.9261, 84.2399, 0.00274459]'
[99.51, 84.2355, 0.00279803]'
[100.062, 84.2237, 0.00285633]'
[100.583, 84.204, 0.00291908]'
[101.074, 84.1758, 0.00298586]'
[101.535, 84.1389, 0.00305623]'
[101.967, 84.0927, 0.00312972]'
[102.371, 84.0372, 0.00320583]'
[102.748, 83.9719, 0.0032841]'
[103.099, 83.8968, 0.00336403]'
[103.426, 83.8119, 0.00344513]'
[103.729, 83.7169, 0.00352694]'
[104.011, 83.6122, 0.003609]'
[104.271, 83.4978, 0.00369087]'
[104.513, 83.3739, 0.00377213]'
[104.736, 83.2408, 0.0038524]'
[104.944, 83.0991, 0.00393133]'
[105.136, 82.949, 0.00400858]'
[105.315, 82.7912, 0.00408387]'
[105.482, 82.6262, 0.00415694]'
[105.638, 82.4547, 0.00422758]'
[105.785, 82.2775, 0.0042956]'
[105.923, 82.0952, 0.00436086]'
[106.055, 81.9088, 0.00442324]'
[106.181, 81.7192, 0.00448268]'
[106.303, 81.527, 0.00453911]'
[106.421, 81.3334, 0.00459253]'
[106.536, 81.1393, 0.00464292]'
[106.65, 80.9454, 0.00469032]'
[106.762, 80.7529, 0.00473476]'
[106.874, 80.5625, 0.00477629]'
[106.985, 80.3752, 0.00481496]'
[107.097, 80.1918, 0.00485081]'
[107.21, 80.0131, 0.00488391]'
[107.323, 79.8397, 0.00491427]'
[107.437, 79.6725, 0.00494192]'
[107.551, 79.5119, 0.00496684]'
[107.666, 79.3584, 0.00498901]'
[107.781, 79.2124, 0.00500835]'
[107.895, 79.0742, 0.00502476]'
[108.008, 78.9439, 0.00503808]'
[108.12, 78.8215, 0.00504813]'
[108.229, 78.707, 0.00505467]'
[108.335, 78.6, 0.00505739]'
[108.437, 78.5001, 0.00505597]'
[108.533, 78.4069, 0.00505]'
[108.623, 78.3195, 0.00503905]'
[108.706, 78.2371, 0.00502262]'
[108.78, 78.1588, 0.00500019]'
[108.845, 78.0832, 0.00497119]'
[108.899, 78.0092, 0.00493502]'
[108.941, 77.9353, 0.00489106]'
[108.97, 77.8598, 0.00483868]'
[108.984, 77.7811, 0.00477725]'
[108.984, 77.6974, 0.00470614]'
[108.966, 77.6068, 0.00462475]'
[108.932, 77.5072, 0.00453254]'
[108.88, 77.3967, 0.00442901]'
[108.809, 77.2731, 0.00431373]'
[108.718, 77.1344, 0.00418639]'
[108.607, 76.9786, 0.00404678]'
[108.476, 76.8036, 0.00389483]'
[108.325, 76.6074, 0.00373061]'
[108.153, 76.3883, 0.00355441]'
[107.961, 76.1445, 0.00336667]'
[107.749, 75.8746, 0.00316808]'
[107.518, 75.5773, 0.00295955]'
[107.268, 75.2516, 0.00274226]'
[107, 74.8967, 0.00251763]'
[106.715, 74.5125, 0.00228737]'
[106.415, 74.0989, 0.00205348]'
[106.101, 73.6564, 0.00181823]'
[105.774, 73.1861, 0.00158417]'
[105.438, 72.6894, 0.00135412]'
[105.092, 72.1685, 0.00113116]'
[104.741, 71.6261, 0.000918582]'
[104.385, 71.0656, 0.000719844]'
[104.027, 70.4912, 0.00053855]'
[103.669, 69.9076, 0.000378362]'
[103.315, 69.3206, 0.000242927]'
[102.964, 68.7364, 0.000135775]'
[102.621, 68.1625, 6.02056e-05]'
[102.287, 67.6067, 1.91484e-05]'
[101.964, 67.0782, 1.5001e-05]'
[101.652, 66.5865, 4.94409e-05]'
[101.355, 66.1424, 0.000123209]'
[101.071, 65.7571, 0.000235863]'
[100.801, 65.443, 0.00038549]'
[100.544, 65.2127, 0.000568392]'
[100.301, 65.0799, 0.000778722]'
[100.067, 65.0586, 0.00100808]'
[99.8403, 65.1634, 0.00124506]'
[99.6167, 65.4092, 0.00147473]'
[99.3905, 65.811, 0.0016781]'
[99.1548, 66.3839, 0.00183146]'
[98.9012, 67.1427, 0.00190574]'
[98.6194, 68.102, 0.00186569]'
[98.2973, 69.2754, 0.00166909]'
[81.5, 61.875, 0.00275]'
[81.5733, 61.8443, 0.00275]'
[81.647, 61.8131, 0.00275]'
[81.7209, 61.7816, 0.00275]'
[81.795, 61.75, 0.00275]'
[81.8691, 61.7183, 0.00275]'
[81.9432, 61.6866, 0.00275]'
[82.0173, 61.655, 0.00275]'
[82.0913, 61.6234, 0.00275]'
[82.1652, 61.592, 0.00275]'
[82.2391, 61.5607, 0.00275]'
[82.3128, 61.5295, 0.00275]'
[82.3864, 61.4984, 0.00275]'
[82.4599, 61.4674, 0.00275]'
[82.5333, 61.4366, 0.00275]'
[82.6066, 61.4058, 0.00275]'
[82.6799, 61.3751, 0.00275]'
[82.7532, 61.3444, 0.00275]'
[82.8265, 61.3137, 0.00275]'
[82.8998, 61.283, 0.00275]'
[82.973, 61.2523, 0.00275]'
[83.0464, 61.2215, 0.00275]'
[83.1198, 61.1907, 0.00275]'
[83.1932, 61.1598, 0.00275]'
[83.2668, 61.1288, 0.00275]'
[83.3404, 61.0977, 0.00275]'
[83.4141, 61.0665, 0.00275]'
[83.4879, 61.0352, 0.00275]'
[83.5618, 61.0037, 0.00275]'
[83.6358, 60.9722, 0.00275]'
[83.7099, 60.9405, 0.00275]'
[83.7841, 60.9088, 0.00275]'
[83.8584, 60.8769, 0.00275]'
[83.9327, 60.8449, 0.00275]'
[84.0071, 60.8129, 0.00275]'
[84.0816, 60.7808, 0.00275]'
[84.1561, 60.7487, 0.00275]'
[84.2306, 60.7165, 0.00275]'
[84.3052, 60.6844, 0.00275]'
[84.3797, 60.6522, 0.00275]'
[84.4542, 60.6201, 0.00275]'
[84.5287, 60.588, 0.00275]'
[84.6031, 60.5559, 0.00275]'
[84.6775, 60.5239, 0.00275]'
[84.7517, 60.4921, 0.00275]'
[84.8259, 60.4603, 0.00275]'
[84.9, 60.4287, 0.00275]'
[84.974, 60.3972, 0.00275]'
[85.0478, 60.3658, 0.00275]'
[85.1215, 60.3346, 0.00275]'
[85.1951, 60.3036, 0.00275]'
[85.2685, 60.2727, 0.00275]'
[85.3417, 60.2421, 0.00275]'
[85.4148, 60.2116, 0.00275]'
[85.4878, 60.1813, 0.00275]'
[85.5606, 60.1511, 0.00275]'
[85.6333, 60.1212, 0.00275]'
[85.7058, 60.0914, 0.00275]'
[85.7782, 60.0617, 0.00275]'
[85.8504, 60.0322, 0.00275]'
[85.9226, 60.0028, 0.00275]'
[85.9947, 59.9736, 0.00275]'
[86.0667, 59.9444, 0.00275]'
[86.1386, 59.9153, 0.00275]'
[86.2105, 59.8862, 0.00275]'
[86.2824, 59.8571, 0.00275]'
[86.3543, 59.828, 0.00275]'
[86.4263, 59.7989, 0.00275]'
[86.4983, 59.7697, 0.00275]'
[86.5704, 59.7404, 0.00275]'
[86.6426, 59.7109, 0.00275]'
[86.715, 59.6813, 0.00275]'
[86.7876, 59.6514, 0.00275]'
[86.8604, 59.6212, 0.00275]'
[86.9335, 59.5908, 0.00275]'
[87.0069, 59.56, 0.00275]'
[87.0806, 59.5288, 0.00275]'
[87.1547, 59.4971, 0.00275]'
[87.2292, 59.465, 0.00275]'
[87.3041, 59.4324, 0.00275]'
[87.3795, 59.3992, 0.00275]'
[87.4554, 59.3654, 0.00275]'
[87.5318, 59.331, 0.00275]'
[87.6089, 59.2959, 0.00275]'
[87.6865, 59.26, 0.00275]'
[87.7648, 59.2234, 0.00275]'
[87.8438, 59.186, 0.00275]'
[87.9235, 59.1478, 0.00275]'
[88.0039, 59.1087, 0.00275]'
[88.085, 59.0687, 0.00275]'
[88.167, 59.0277, 0.00275]'
[88.2498, 58.9858, 0.00275]'
[88.3334, 58.943, 0.00275]'
[88.4178, 58.8991, 0.00275]'
[88.5032, 58.8542, 0.00275]'
[88.5894, 58.8083, 0.00275]'
[88.6765, 58.7613, 0.00275]'
[88.7645, 58.7132, 0.00275]'
[88.8534, 58.6641, 0.00275]'
[88.9433, 58.6138, 0.00275]'
[89.0341, 58.5625, 0.00275]'
[89.1258, 58.5101, 0.00275]'
[89.2184, 58.4566, 0.00275]'
[89.312, 58.402, 0.00275]'
[89.4065, 58.3463, 0.00275]'
[89.5019, 58.2895, 0.00275]'
[89.5982, 58.2317, 0.00275]'
[89.6953, 58.1729, 0.00275]'
[89.7934, 58.113, 0.00275]'
[89.8923, 58.0521, 0.00275]'
[89.992, 57.9902, 0.00275]'
[90.0925, 57.9274, 0.00275]'
[90.1939, 57.8637, 0.00275]'
[90.296, 57.799, 0.00275]'
[90.3988, 57.7335, 0.00275]'
[90.5023, 57.6672, 0.00275]'
[90.6065, 57.6, 0.00275]'
[90.7114, 57.5321, 0.00275]'
[90.8168, 57.4635, 0.00275]'
[90.9229, 57.3942, 0.00275]'
[91.0295, 57.3242, 0.00275]'
[91.1366, 57.2536, 0.00275]'
[91.2442, 57.1825, 0.00275]'
[91.3522, 57.1109, 0.00275]'
[91.4606, 57.0388, 0.00275]'
[91.5694, 56.9662, 0.00275]'
[91.6785, 56.8933, 0.00275]'
[91.7879, 56.82, 0.00275]'
[91.8976, 56.7464, 0.00275]'
[92.0075, 56.6725, 0.00275]'
[92.1176, 56.5984, 0.00275]'
[92.2279, 56.5241, 0.00275]'
[92.3383, 56.4497, 0.00275]'
[92.4488, 56.3752, 0.00275]'
[92.5593, 56.3005, 0.00275]'
[92.6699, 56.2259, 0.00275]'
[92.7805, 56.1512, 0.00275]'
[92.8911, 56.0765, 0.00275]'
[93.0017, 56.0019, 0.00275]'
[93.1122, 55.9273, 0.00275]'
[93.2226, 55.8528, 0.00275]'
[93.3329, 55.7785, 0.00275]'
[93.4432, 55.7042, 0.00275]'
[93.5533, 55.6301, 0.00275]'
[93.6633, 55.5562, 0.00275]'
[93.7731, 55.4824, 0.00275]'
[93.8828, 55.4088, 0.00275]'
[93.9923, 55.3353, 0.00275]'
[94.1017, 55.2621, 0.00275]'
[94.211, 55.189, 0.00275]'
[94.3201, 55.1161, 0.00275]'
[94.429, 55.0434, 0.00275]'
[94.5378, 54.9708, 0.00275]'
[94.6465, 54.8984, 0.00275]'
[94.755, 54.8262, 0.00275]'
[94.8634, 54.7541, 0.00275]'
[94.9717, 54.6821, 0.00275]'
[95.08, 54.6102, 0.00275]'
[95.1881, 54.5384, 0.00275]'
[95.2962, 54.4667, 0.00275]'
[95.4042, 54.3951, 0.00275]'
[95.5122, 54.3235, 0.00275]'
[95.6202, 54.2519, 0.00275]'
[95.7281, 54.1803, 0.00275]'
[95.8361, 54.1087, 0.00275]'
[95.9441, 54.0371, 0.00275]'
[96.0521, 53.9654, 0.00275]'
[96.1602, 53.8937, 0.00275]'
[96.2684, 53.8219, 0.00275]'
[96.3766, 53.75, 0.00275]'
[96.4849, 53.678, 0.00275]'
[96.5933, 53.6059, 0.00275]'
[96.7018, 53.5337, 0.00275]'
[96.8104, 53.4614, 0.00275]'
[96.9191, 53.389, 0.00275]'
[97.0279, 53.3165, 0.00275]'
[97.1368, 53.2438, 0.00275]'
[97.2457, 53.1711, 0.00275]'
[97.3548, 53.0982, 0.00275]'
[97.4639, 53.0253, 0.00275]'
[97.573, 52.9523, 0.00275]'
[97.6823, 52.8793, 0.00275]'
[97.7915, 52.8062, 0.00275]'
[97.9007, 52.7331, 0.00275]'
[98.0099, 52.6601, 0.00275]'
[98.1191, 52.587, 0.00275]'
[98.2283, 52.5141, 0.00275]'
[98.3374, 52.4412, 0.00275]'
[98.4464, 52.3684, 0.00275]'
[98.5553, 52.2957, 0.00275]'
[98.6641, 52.2232, 0.00275]'
[98.7728, 52.1507, 0.00275]'
[98.8813, 52.0784, 0.00275]'
[98.9898, 52.0062, 0.00275]'
[99.0982, 51.9341, 0.00275]'
[99.2066, 51.8621, 0.00275]'
[99.315, 51.79, 0.00275]'
[99.4234, 51.7179, 0.00275]'
[99.532, 51.6456, 0.00275]'
[99.6408, 51.573, 0.00275]'
[79.625, 95.75, 0.00275]'
[79.8053, 95.94, 0.00275]'
[79.9932, 96.1389, 0.00275]'
[80.1862, 96.3438, 0.00275]'
[80.3821, 96.5521, 0.00275]'
[80.5793, 96.7618, 0.00275]'
[80.7766, 96.9717, 0.00275]'
[80.9728, 97.1804, 0.00275]'
[81.1676, 97.3873, 0.00275]'
[81.3603, 97.5919, 0.00275]'
[81.5509, 97.794, 0.00275]'
[81.7392, 97.9934, 0.00275]'
[81.9255, 98.1904, 0.00275]'
[82.1097, 98.385, 0.00275]'
[82.2923, 98.5777, 0.00275]'
[82.4736, 98.7687, 0.00275]'
[82.6538, 98.9586, 0.00275]'
[82.8334, 99.1477, 0.00275]'
[83.0128, 99.3365, 0.00275]'
[83.1923, 99.5255, 0.00275]'
[83.3723, 99.715, 0.00275]'
[83.5531, 99.9054, 0.00275]'
[83.7351, 100.097, 0.00275]'
[83.9183, 100.291, 0.00275]'
[84.1032, 100.486, 0.00275]'
[84.2899, 100.683, 0.00275]'
[84.4784, 100.883, 0.00275]'
[84.6689, 101.085, 0.00275]'
[84.8615, 101.289, 0.00275]'
[85.056, 101.496, 0.00275]'
[85.2526, 101.705, 0.00275]'
[85.451, 101.916, 0.00275]'
[85.6512, 102.13, 0.00275]'
[85.853, 102.345, 0.00275]'
[86.0562, 102.562, 0.00275]'
[86.2606, 102.781, 0.00275]'
[86.4659, 103.001, 0.00275]'
[86.6719, 103.221, 0.00275]'
[86.8784, 103.442, 0.00275]'
[87.0849, 103.664, 0.00275]'
[87.2912, 103.885, 0.00275]'
[87.497, 104.105, 0.00275]'
[87.7019, 104.324, 0.00275]'
[87.9057, 104.542, 0.00275]'
[88.108, 104.759, 0.00275]'
[88.3084, 104.973, 0.00275]'
[88.5067, 105.184, 0.00275]'
[88.7026, 105.393, 0.00275]'
[88.8958, 105.598, 0.00275]'
[89.086, 105.8, 0.00275]'
[89.2729, 105.998, 0.00275]'
[89.4564, 106.192, 0.00275]'
[89.6361, 106.381, 0.00275]'
[89.8119, 106.565, 0.00275]'
[89.9836, 106.744, 0.00275]'
[90.1511, 106.919, 0.00275]'
[90.3141, 107.087, 0.00275]'
[90.4727, 107.25, 0.00275]'
[90.6266, 107.408, 0.00275]'
[90.7758, 107.56, 0.00275]'
[90.9203, 107.706, 0.00275]'
[91.0601, 107.846, 0.00275]'
[91.195, 107.98, 0.00275]'
[91.3253, 108.108, 0.00275]'
[91.4508, 108.23, 0.00275]'
[91.5716, 108.347, 0.00275]'
[91.6879, 108.458, 0.00275]'
[91.7996, 108.563, 0.00275]'
[91.907, 108.663, 0.00275]'
[92.0101, 108.758, 0.00275]'
[92.109, 108.847, 0.00275]'
[92.2039, 108.931, 0.00275]'
[92.295, 109.011, 0.00275]'
[92.3824, 109.086, 0.00275]'
[92.4662, 109.156, 0.00275]'
[92.5467, 109.222, 0.00275]'
[92.6241, 109.284, 0.00275]'
[92.6985, 109.343, 0.00275]'
[92.7701, 109.398, 0.00275]'
[92.8392, 109.45, 0.00275]'
[92.9058, 109.499, 0.00275]'
[92.9702, 109.545, 0.00275]'
[93.0327, 109.588, 0.00275]'
[93.0932, 109.63, 0.00275]'
[93.1522, 109.669, 0.00275]'
[93.2096, 109.706, 0.00275]'
[93.2657, 109.742, 0.00275]'
[93.3207, 109.776, 0.00275]'
[93.3747, 109.81, 0.00275]'
[93.4279, 109.842, 0.00275]'
[93.4803, 109.873, 0.00275]'
[93.5322, 109.904, 0.00275]'
[93.5836, 109.934, 0.00275]'
[93.6347, 109.964, 0.00275]'
[93.6855, 109.994, 0.00275]'
[93.7362, 110.023, 0.00275]'
[93.7868, 110.053, 0.00275]'
[93.8375, 110.082, 0.00275]'
[93.8882, 110.112, 0.00275]'
[93.9391, 110.142, 0.00275]'
[93.9901, 110.172, 0.00275]'
[94.0414, 110.203, 0.00275]'
[94.093, 110.234, 0.00275]'
[94.1448, 110.266, 0.00275]'
[94.1969, 110.298, 0.00275]'
[94.2493, 110.33, 0.00275]'
[94.3021, 110.363, 0.00275]'
[94.3551, 110.396, 0.00275]'
[94.4085, 110.429, 0.00275]'
[94.4622, 110.463, 0.00275]'
[94.5161, 110.496, 0.00275]'
[94.5703, 110.53, 0.00275]'
[94.6248, 110.565, 0.00275]'
[94.6795, 110.599, 0.00275]'
[94.7344, 110.633, 0.00275]'
[94.7895, 110.667, 0.00275]'
[94.8448, 110.702, 0.00275]'
[94.9002, 110.735, 0.00275]'
[94.9558, 110.769, 0.00275]'
[95.0115, 110.802, 0.00275]'
[95.0673, 110.835, 0.00275]'
[95.1232, 110.868, 0.00275]'
[95.1791, 110.9, 0.00275]'
[95.2352, 110.931, 0.00275]'
[95.2913, 110.962, 0.00275]'
[95.3475, 110.992, 0.00275]'
[95.4038, 111.021, 0.00275]'
[95.4601, 111.05, 0.00275]'
[95.5166, 111.077, 0.00275]'
[95.5732, 111.104, 0.00275]'
[95.6299, 111.13, 0.00275]'
[95.6868, 111.156, 0.00275]'
[95.7439, 111.18, 0.00275]'
[95.8012, 111.204, 0.00275]'
[95.8587, 111.226, 0.00275]'
[95.9165, 111.248, 0.00275]'
[95.9746, 111.269, 0.00275]'
[96.0331, 111.29, 0.00275]'
[96.092, 111.309, 0.00275]'
[96.1513, 111.328, 0.00275]'
[96.211, 111.346, 0.00275]'
[96.2712, 111.364, 0.00275]'
[96.332, 111.381, 0.00275]'
[96.3933, 111.397, 0.00275]'
[96.4552, 111.413, 0.00275]'
[96.5177, 111.429, 0.00275]'
[96.5808, 111.444, 0.00275]'
[96.6446, 111.459, 0.00275]'
[96.709, 111.474, 0.00275]'
[96.7741, 111.488, 0.00275]'
[96.8398, 111.502, 0.00275]'
[96.9062, 111.517, 0.00275]'
[96.9733, 111.531, 0.00275]'
[97.0409, 111.545, 0.00275]'
[97.1092, 111.559, 0.00275]'
[97.178, 111.574, 0.00275]'
[97.2473, 111.588, 0.00275]'
[97.3171, 111.603, 0.00275]'
[97.3874, 111.617, 0.00275]'
[97.458, 111.632, 0.00275]'
[97.5289, 111.647, 0.00275]'
[97.6, 111.662, 0.00275]'
[97.6714, 111.678, 0.00275]'
[97.7428, 111.693, 0.00275]'
[97.8142, 111.709, 0.00275]'
[97.8856, 111.725, 0.00275]'
[97.9569, 111.74, 0.00275]'
[98.028, 111.756, 0.00275]'
[98.0988, 111.772, 0.00275]'
[98.1693, 111.788, 0.00275]'
[98.2393, 111.804, 0.00275]'
[98.309, 111.82, 0.00275]'
[98.3781, 111.836, 0.00275]'
[98.4467, 111.851, 0.00275]'
[98.5148, 111.867, 0.00275]'
[98.5823, 111.882, 0.00275]'
[98.6493, 111.897, 0.00275]'
[98.7157, 111.912, 0.00275]'
[98.7816, 111.926, 0.00275]'
[98.8471, 111.941, 0.00275]'
[98.9121, 111.955, 0.00275]'
[98.9769, 111.969, 0.00275]'
[99.0415, 111.983, 0.00275]'
[99.1059, 111.996, 0.00275]'
[99.1704, 112.01, 0.00275]'
[99.235, 112.024, 0.00275]'
[99.2998, 112.038, 0.00275]'
[99.3651, 112.052, 0.00275]'
[99.4308, 112.066, 0.00275]'
[99.4972, 112.08, 0.00275]'
[99.5642, 112.095, 0.00275]'
[99.632, 112.11, 0.00275]'
[99.7006, 112.125, 0.00275]'
[99.7698, 112.141, 0.00275]'
[99.8397, 112.157, 0.00275]'
[99.9099, 112.174, 0.00275]'
[99.9801, 112.19, 0.00275]'
[100.05, 112.206, 0.00275]'
[100.119, 112.222, 0.00275]'
[100.186, 112.237, 0.00275]'
