[28.875, 33.125, 0.00225]'
[28.8756, 33.1256, 0.00225]'
[28.8773, 33.1275, 0.00225]'
[28.8801, 33.1307, 0.00225]'
[28.884, 33.1356, 0.00225]'
[28.8889, 33.1426, 0.00225]'
[28.8947, 33.1519, 0.00225]'
[28.9013, 33.1641, 0.00225]'
[28.9086, 33.1796, 0.00225]'
[28.9164, 33.1989, 0.00225]'
[28.9248, 33.2226, 0.00225]'
[28.9334, 33.2511, 0.00225]'
[28.9424, 33.2848, 0.00225]'
[28.9516, 33.324, 0.00225]'
[28.961, 33.3689, 0.00225]'
[28.9705, 33.4196, 0.00225]'
[28.9801, 33.4761, 0.00225]'
[28.9898, 33.5383, 0.00225]'
[28.9997, 33.6058, 0.00225]'
[29.01, 33.6784, 0.00225]'
[29.0206, 33.7554, 0.00225]'
[29.0317, 33.8362, 0.00225]'
[29.0435, 33.9202, 0.00225]'
[29.0561, 34.0065, 0.00225]'
[29.0696, 34.0943, 0.00225]'
[29.0844, 34.1828, 0.00225]'
[29.1004, 34.2712, 0.00225]'
[29.118, 34.3587, 0.00225]'
[29.1372, 34.4445, 0.00225]'
[29.1582, 34.5282, 0.00225]'
[29.1811, 34.6093, 0.00225]'
[29.2058, 34.6874, 0.00225]'
[29.2326, 34.7624, 0.00225]'
[29.2613, 34.8345, 0.00225]'
[29.2919, 34.9038, 0.00225]'
[29.3243, 34.9708, 0.00225]'
[29.3583, 35.0362, 0.00225]'
[29.3938, 35.1008, 0.00225]'
[29.4306, 35.1656, 0.00225]'
[29.4683, 35.2318, 0.00225]'
[29.5067, 35.3006, 0.00225]'
[29.5455, 35.3733, 0.00225]'
[29.5843, 35.4515, 0.00225]'
[29.6229, 35.5364, 0.00225]'
[29.6607, 35.6294, 0.00225]'
[29.6977, 35.7319, 0.00225]'
[29.7333, 35.845, 0.00225]'
[29.7673, 35.9697, 0.00225]'
[29.7995, 36.1069, 0.00225]'
[29.8296, 36.2571, 0.00225]'
[29.8574, 36.4208, 0.00225]'
[29.8829, 36.5981, 0.00225]'
[29.906, 36.7888, 0.00225]'
[29.9265, 36.9926, 0.00225]'
[29.9447, 37.2086, 0.00225]'
[29.9604, 37.4361, 0.00225]'
[29.974, 37.6739, 0.00225]'
[29.9855, 37.9207, 0.00225]'
[29.9951, 38.1749, 0.00225]'
[30.0032, 38.4351, 0.00225]'
[30.0099, 38.6995, 0.00225]'
[30.0156, 38.9667, 0.00225]'
[30.0204, 39.2351, 0.00225]'
[30.0248, 39.5031, 0.00225]'
[30.0288, 39.7697, 0.00225]'
[30.0328, 40.0338, 0.00225]'
[30.0368, 40.2947, 0.00225]'
[30.041, 40.552, 0.00225]'
[30.0454, 40.8057, 0.00225]'
[30.0501, 41.0561, 0.00225]'
[30.0549, 41.3042, 0.00225]'
[30.0597, 41.5512, 0.00225]'
[30.0643, 41.7986, 0.00225]'
[30.0683, 42.0487, 0.00225]'
[30.0715, 42.3038, 0.00225]'
[30.0732, 42.5669, 0.00225]'
[30.0732, 42.8409, 0.00225]'
[30.0707, 43.1293, 0.00225]'
[30.0653, 43.4357, 0.00225]'
[30.0563, 43.7637, 0.00225]'
[30.0431, 44.117, 0.00225]'
[30.025, 44.4992, 0.00225]'
[30.0016, 44.9139, 0.00225]'
[29.9721, 45.3643, 0.00225]'
[29.936, 45.8535, 0.00225]'
[29.8929, 46.3841, 0.00225]'
[29.8424, 46.9582, 0.00225]'
[29.784, 47.5777, 0.00225]'
[29.7175, 48.2435, 0.00225]'
[29.6429, 48.9563, 0.00225]'
[29.5599, 49.7159, 0.00225]'
[29.4686, 50.5218, 0.00225]'
[29.3692, 51.3724, 0.00225]'
[29.2618, 52.266, 0.00225]'
[29.1469, 53.1999, 0.00225]'
[29.0248, 54.1709, 0.00225]'
[28.896, 55.1756, 0.00225]'
[28.7611, 56.2099, 0.00225]'
[28.6208, 57.2693, 0.00225]'
[28.4756, 58.3491, 0.00225]'
[28.3262, 59.4445, 0.00225]'
[28.1735, 60.5504, 0.00225]'
[28.0182, 61.6619, 0.00225]'
[27.8609, 62.7739, 0.00225]'
[27.7023, 63.8817, 0.00225]'
[27.5431, 64.9808, 0.00225]'
[27.384, 66.0669, 0.00225]'
[27.2254, 67.1362, 0.00225]'
[27.0679, 68.1853, 0.00225]'
[26.9119, 69.2113, 0.00225]'
[26.7577, 70.2119, 0.00225]'
[26.6055, 71.1853, 0.00225]'
[26.4557, 72.1302, 0.00225]'
[26.3083, 73.046, 0.00225]'
[26.1633, 73.9324, 0.00225]'
[26.0208, 74.7899, 0.00225]'
[25.8806, 75.6191, 0.00225]'
[25.7428, 76.4214, 0.00225]'
[25.607, 77.1983, 0.00225]'
[25.4732, 77.9516, 0.00225]'
[25.3412, 78.6835, 0.00225]'
[25.2108, 79.3959, 0.00225]'
[25.0819, 80.0913, 0.00225]'
[24.9543, 80.7719, 0.00225]'
[24.828, 81.4397, 0.00225]'
[24.7028, 82.0967, 0.00225]'
[24.5788, 82.7449, 0.00225]'
[24.4561, 83.3856, 0.00225]'
[24.3346, 84.02, 0.00225]'
[24.2148, 84.6491, 0.00225]'
[24.0966, 85.2734, 0.00225]'
[23.9805, 85.893, 0.00225]'
[23.8669, 86.5077, 0.00225]'
[23.7559, 87.117, 0.00225]'
[23.6482, 87.72, 0.00225]'
[23.5442, 88.3156, 0.00225]'
[23.4443, 88.9022, 0.00225]'
[23.3491, 89.4784, 0.00225]'
[23.2589, 90.0423, 0.00225]'
[23.1742, 90.5921, 0.00225]'
[23.0955, 91.126, 0.00225]'
[23.0231, 91.6421, 0.00225]'
[22.9574, 92.1386, 0.00225]'
[22.8985, 92.614, 0.00225]'
[22.8468, 93.0668, 0.00225]'
[22.8022, 93.496, 0.00225]'
[22.7648, 93.9005, 0.00225]'
[22.7345, 94.2799, 0.00225]'
[22.7112, 94.6339, 0.00225]'
[22.6945, 94.9626, 0.00225]'
[22.6843, 95.2665, 0.00225]'
[22.6801, 95.5462, 0.00225]'
[22.6813, 95.803, 0.00225]'
[22.6876, 96.0381, 0.00225]'
[22.6982, 96.2532, 0.00225]'
[22.7126, 96.4501, 0.00225]'
[22.7301, 96.6307, 0.00225]'
[22.7502, 96.7973, 0.00225]'
[22.772, 96.9521, 0.00225]'
[22.7951, 97.0971, 0.00225]'
[22.8187, 97.2345, 0.00225]'
[22.8423, 97.3665, 0.00225]'
[22.8654, 97.495, 0.00225]'
[22.8874, 97.6216, 0.00225]'
[22.9081, 97.7481, 0.00225]'
[22.9271, 97.8755, 0.00225]'
[22.944, 98.0051, 0.00225]'
[22.9587, 98.1376, 0.00225]'
[22.9712, 98.2734, 0.00225]'
[22.9813, 98.4127, 0.00225]'
[22.9891, 98.5556, 0.00225]'
[22.9947, 98.7017, 0.00225]'
[22.9982, 98.8504, 0.00225]'
[22.9999, 99.0011, 0.00225]'
[22.9999, 99.1528, 0.00225]'
[22.9985, 99.3045, 0.00225]'
[22.9961, 99.4551, 0.00225]'
[22.9928, 99.6034, 0.00225]'
[22.9891, 99.7484, 0.00225]'
[22.9851, 99.8888, 0.00225]'
[22.9811, 100.024, 0.00225]'
[22.9774, 100.152, 0.00225]'
[22.9741, 100.273, 0.00225]'
[22.9715, 100.386, 0.00225]'
[22.9696, 100.49, 0.00225]'
[22.9685, 100.586, 0.00225]'
[22.9682, 100.672, 0.00225]'
[22.9688, 100.749, 0.00225]'
[22.9701, 100.818, 0.00225]'
[22.9722, 100.878, 0.00225]'
[22.9748, 100.929, 0.00225]'
[22.9779, 100.973, 0.00225]'
[22.9813, 101.01, 0.00225]'
[22.9848, 101.041, 0.00225]'
[22.9882, 101.065, 0.00225]'
[22.9914, 101.085, 0.00225]'
[22.9943, 101.1, 0.00225]'
[22.9967, 101.111, 0.00225]'
[22.9985, 101.119, 0.00225]'
[23, 101.125, 0.00225]'
[34.2164, 59.19, 0.000635724]'
[34.2143, 59.1719, 0.000637497]'
[34.2081, 59.1182, 0.000642808]'
[34.1974, 59.0306, 0.00065164]'
[34.1821, 58.9118, 0.00066396]'
[34.1618, 58.7656, 0.000679722]'
[34.136, 58.5967, 0.000698864]'
[34.1043, 58.4104, 0.000721308]'
[34.0664, 58.2128, 0.000746958]'
[34.0217, 58.0105, 0.000775695]'
[33.9702, 57.8104, 0.000807382]'
[33.9117, 57.6194, 0.000841857]'
[33.8463, 57.4445, 0.000878931]'
[33.7744, 57.2925, 0.000918393]'
[33.6966, 57.1695, 0.000960005]'
[33.6138, 57.0814, 0.0010035]'
[33.5272, 57.0331, 0.00104859]'
[33.4384, 57.0289, 0.00109496]'
[33.3492, 57.0718, 0.00114228]'
[33.2618, 57.164, 0.00119018]'
[33.1786, 57.3066, 0.0012383]'
[33.1023, 57.4994, 0.00128626]'
[33.0356, 57.7411, 0.00133366]'
[32.9815, 58.0293, 0.00138011]'
[32.943, 58.3605, 0.00142523]'
[32.9231, 58.7303, 0.00146864]'
[32.9246, 59.1332, 0.00150998]'
[32.9502, 59.5632, 0.00154891]'
[33.0024, 60.0136, 0.00158513]'
[33.0831, 60.477, 0.00161838]'
[33.1941, 60.946, 0.00164842]'
[33.3365, 61.4131, 0.00167507]'
[33.5109, 61.8706, 0.00169821]'
[33.7172, 62.3112, 0.00171777]'
[33.955, 62.728, 0.00173373]'
[34.2227, 63.1146, 0.00174615]'
[34.5186, 63.4654, 0.00175513]'
[34.8399, 63.7755, 0.00176084]'
[35.1836, 64.0409, 0.00176351]'
[35.5457, 64.2588, 0.00176342]'
[35.922, 64.4272, 0.0017609]'
[36.3077, 64.5453, 0.00175634]'
[36.6978, 64.6133, 0.00175015]'
[37.0869, 64.6326, 0.00174278]'
[37.4696, 64.6055, 0.0017347]'
[37.8403, 64.5351, 0.0017264]'
[38.1938, 64.4255, 0.00171836]'
[38.5247, 64.2814, 0.00171108]'
[38.8285, 64.1081, 0.00170501]'
[39.1007, 63.9113, 0.00170061]'
[39.3376, 63.6972, 0.00169828]'
[39.5361, 63.4718, 0.0016984]'
[39.6939, 63.2412, 0.00170128]'
[39.8094, 63.0114, 0.0017072]'
[39.8822, 62.7881, 0.00171634]'
[39.9123, 62.5764, 0.00172885]'
[39.9011, 62.3809, 0.00174478]'
[39.8506, 62.2056, 0.00176414]'
[39.7639, 62.0537, 0.00178685]'
[39.6447, 61.9275, 0.00181276]'
[39.4977, 61.8286, 0.00184164]'
[39.3281, 61.7577, 0.00187324]'
[39.1418, 61.7146, 0.0019072]'
[38.945, 61.6982, 0.00194315]'
[38.7446, 61.7068, 0.00198066]'
[38.5472, 61.7377, 0.00201926]'
[38.3599, 61.788, 0.00205846]'
[38.1896, 61.8538, 0.00209777]'
[38.043, 61.931, 0.00213667]'
[37.9264, 62.0151, 0.00217466]'
[37.8458, 62.1016, 0.00221125]'
[37.8064, 62.1856, 0.00224597]'
[37.8132, 62.2624, 0.0022784]'
[37.8699, 62.3275, 0.00230814]'
[37.9798, 62.3766, 0.00233486]'
[38.1454, 62.4057, 0.00235826]'
[38.3679, 62.4112, 0.00237811]'
[38.6482, 62.3902, 0.00239425]'
[38.9859, 62.3401, 0.00240658]'
[39.3801, 62.2589, 0.00241506]'
[39.8289, 62.1455, 0.00241973]'
[40.3298, 61.999, 0.00242068]'
[40.8798, 61.8193, 0.00241805]'
[41.4752, 61.6068, 0.00241207]'
[42.112, 61.3623, 0.00240299]'
[42.786, 61.0873, 0.00239111]'
[43.4925, 60.7833, 0.00237677]'
[44.2272, 60.4524, 0.00236035]'
[44.9853, 60.0968, 0.00234223]'
[45.7626, 59.7189, 0.00232283]'
[46.555, 59.321, 0.00230254]'
[47.3585, 58.9054, 0.00228178]'
[48.17, 58.4744, 0.00226094]'
[48.9864, 58.0301, 0.00224039]'
[49.8054, 57.5742, 0.0022205]'
[50.625, 57.1083, 0.00220158]'
[51.4441, 56.6335, 0.00218392]'
[52.2618, 56.1507, 0.00216776]'
[53.078, 55.6604, 0.00215331]'
[53.8929, 55.1625, 0.00214073]'
[54.7072, 54.6569, 0.00213013]'
[55.522, 54.143, 0.00212159]'
[56.3388, 53.6198, 0.00211512]'
[57.1592, 53.0862, 0.00211072]'
[57.9849, 52.5409, 0.00210831]'
[58.8178, 51.9825, 0.00210781]'
[59.6598, 51.4093, 0.00210908]'
[60.5124, 50.82, 0.00211198]'
[61.3773, 50.2131, 0.00211633]'
[62.2556, 49.5871, 0.00212192]'
[63.1483, 48.9412, 0.00212856]'
[64.0558, 48.2742, 0.00213601]'
[64.9783, 47.5858, 0.00214407]'
[65.9154, 46.8756, 0.00215251]'
[66.8663, 46.1438, 0.00216111]'
[67.8297, 45.3909, 0.00216967]'
[68.8038, 44.6179, 0.002178]'
[69.7865, 43.826, 0.00218592]'
[70.7752, 43.0168, 0.00219328]'
[71.7671, 42.1925, 0.00219992]'
[72.7588, 41.3553, 0.00220574]'
[73.7471, 40.5078, 0.00221062]'
[74.7285, 39.6529, 0.0022145]'
[75.6992, 38.7934, 0.00221731]'
[76.6558, 37.9325, 0.002219]'
[77.5947, 37.0732, 0.00221957]'
[78.5126, 36.2186, 0.002219]'
[79.4064, 35.3716, 0.00221729]'
[80.2733, 34.5352, 0.00221448]'
[81.1107, 33.7118, 0.00221058]'
[81.9167, 32.9039, 0.00220563]'
[82.6895, 32.1135, 0.00219969]'
[83.4278, 31.3423, 0.0021928]'
[84.131, 30.5919, 0.002185]'
[84.7986, 29.8632, 0.00217637]'
[85.4307, 29.1568, 0.00216695]'
[86.0278, 28.4732, 0.00215679]'
[86.5907, 27.8122, 0.00214596]'
[87.1208, 27.1735, 0.0021345]'
[87.6194, 26.5565, 0.00212247]'
[88.0882, 25.9602, 0.00210992]'
[88.5292, 25.3836, 0.00209691]'
[88.9443, 24.8254, 0.00208347]'
[89.3355, 24.2841, 0.00206967]'
[89.705, 23.7583, 0.00205555]'
[90.0547, 23.2466, 0.00204117]'
[90.3865, 22.7474, 0.00202658]'
[90.702, 22.2594, 0.00201184]'
[91.003, 21.7813, 0.00199701]'
[91.2906, 21.3121, 0.00198215]'
[91.5659, 20.8507, 0.00196733]'
[91.8299, 20.3964, 0.00195262]'
[92.0831, 19.9487, 0.00193809]'
[92.3259, 19.5073, 0.00192382]'
[92.5584, 19.0722, 0.00190987]'
[92.7806, 18.6433, 0.00189633]'
[92.9922, 18.2211, 0.00188326]'
[93.1928, 17.806, 0.00187074]'
[93.382, 17.3987, 0.00185885]'
[93.5593, 17.0001, 0.00184763]'
[93.724, 16.611, 0.00183716]'
[93.8756, 16.2323, 0.00182749]'
[94.0138, 15.865, 0.00181866]'
[94.138, 15.5101, 0.00181071]'
[94.248, 15.1686, 0.00180367]'
[94.3437, 14.8412, 0.00179755]'
[94.4252, 14.5288, 0.00179235]'
[94.4928, 14.2321, 0.00178808]'
[94.5468, 13.9514, 0.00178471]'
[94.588, 13.6873, 0.00178222]'
[94.617, 13.4398, 0.00178057]'
[94.635, 13.2091, 0.00177972]'
[94.643, 12.9949, 0.00177961]'
[94.6423, 12.797, 0.00178018]'
[94.6342, 12.615, 0.00178135]'
[94.6201, 12.4483, 0.00178307]'
[94.6015, 12.2961, 0.00178525]'
[94.5798, 12.1578, 0.00178782]'
[94.5563, 12.0325, 0.0017907]'
[94.5323, 11.9191, 0.00179381]'
[94.509, 11.8169, 0.00179709]'
[94.4874, 11.7249, 0.00180046]'
[94.4683, 11.6421, 0.00180386]'
[94.4526, 11.5676, 0.00180724]'
[94.4406, 11.5007, 0.00181054]'
[94.4326, 11.4405, 0.00181372]'
[94.4288, 11.3863, 0.00181674]'
[94.4291, 11.3375, 0.00181958]'
[94.4332, 11.2936, 0.00182221]'
[94.4407, 11.2542, 0.00182462]'
[94.4511, 11.2188, 0.0018268]'
[94.4637, 11.1872, 0.00182874]'
[94.4778, 11.1591, 0.00183045]'
[94.4926, 11.1346, 0.00183193]'
[94.5073, 11.1133, 0.00183319]'
[94.5213, 11.0953, 0.00183423]'
[94.5337, 11.0806, 0.00183507]'
[94.5441, 11.0691, 0.00183571]'
[94.5519, 11.0609, 0.00183617]'
[94.5584, 11.0544, 0.00183653]'
[68.4599, 47.6952, 0.0040998]'
[68.4577, 47.6928, 0.0040892]'
[68.4511, 47.6857, 0.00405765]'
[68.4408, 47.6743, 0.00400586]'
[68.4279, 47.6593, 0.00393497]'
[68.4137, 47.6415, 0.00384657]'
[68.4, 47.6222, 0.00374263]'
[68.3887, 47.6025, 0.00362547]'
[68.382, 47.5841, 0.00349769]'
[68.3821, 47.5683, 0.00336212]'
[68.3914, 47.5569, 0.00322175]'
[68.4121, 47.5514, 0.00307967]'
[68.4463, 47.5536, 0.00293899]'
[68.4958, 47.565, 0.00280277]'
[68.5624, 47.5869, 0.00267395]'
[68.6471, 47.6207, 0.00255529]'
[68.7508, 47.6673, 0.00244929]'
[68.8737, 47.7276, 0.00235815]'
[69.0158, 47.8022, 0.0022837]'
[69.1763, 47.8912, 0.00222738]'
[69.3538, 47.9945, 0.0021902]'
[69.5467, 48.1117, 0.00217271]'
[69.7527, 48.242, 0.002175]'
[69.9688, 48.3844, 0.00219669]'
[70.1921, 48.5374, 0.00223694]'
[70.419, 48.6993, 0.00229446]'
[70.6456, 48.868, 0.00236758]'
[70.868, 49.0414, 0.00245425]'
[71.0822, 49.2169, 0.00255208]'
[71.284, 49.392, 0.00265844]'
[71.4696, 49.5639, 0.00277048]'
[71.635, 49.7298, 0.00288519]'
[71.777, 49.887, 0.00299951]'
[71.8923, 50.0326, 0.00311037]'
[71.9783, 50.1641, 0.00321474]'
[72.0329, 50.279, 0.00330974]'
[72.0545, 50.375, 0.00339267]'
[72.0421, 50.4501, 0.00346108]'
[71.9956, 50.5026, 0.00351283]'
[71.9152, 50.5313, 0.00354612]'
[71.8019, 50.535, 0.00355955]'
[71.6573, 50.5133, 0.0035521]'
[71.4837, 50.466, 0.00352322]'
[71.2838, 50.3933, 0.00347279]'
[71.0608, 50.2961, 0.00340113]'
[70.8182, 50.1755, 0.003309]'
[70.5601, 50.0329, 0.00319758]'
[70.2905, 49.8704, 0.00306843]'
[70.0136, 49.6902, 0.00292346]'
[69.7339, 49.4949, 0.0027649]'
[69.4555, 49.2874, 0.00259524]'
[69.1825, 49.0708, 0.00241718]'
[68.9187, 48.8483, 0.00223357]'
[68.6676, 48.6235, 0.00204734]'
[68.4324, 48.3996, 0.00186147]'
[68.2159, 48.1801, 0.00167892]'
[68.0201, 47.9685, 0.00150254]'
[67.8469, 47.7679, 0.00133506]'
[67.6975, 47.5815, 0.00117902]'
[67.5724, 47.4121, 0.00103671]'
[67.472, 47.2623, 0.000910152]'
[67.3959, 47.1343, 0.000801064]'
[67.3434, 47.0301, 0.000710822]'
[67.3135, 46.9512, 0.00064045]'
[67.3046, 46.8987, 0.000590609]'
[67.3152, 46.8735, 0.000561592]'
[67.3434, 46.8757, 0.000553331]'
[67.3873, 46.9054, 0.000565405]'
[67.445, 46.9619, 0.000597064]'
[67.5146, 47.0445, 0.000647252]'
[67.5942, 47.1519, 0.000714635]'
[67.6824, 47.2824, 0.000797637]'
[67.7778, 47.4342, 0.000894482]'
[67.8794, 47.6052, 0.00100323]'
[67.9864, 47.793, 0.00112182]'
[68.0984, 47.9951, 0.00124813]'
[68.2155, 48.2088, 0.00137998]'
[68.338, 48.4315, 0.00151522]'
[68.4665, 48.6603, 0.00165174]'
[68.6021, 48.8926, 0.00178752]'
[68.7458, 49.1258, 0.00192066]'
[68.8993, 49.3573, 0.00204942]'
[69.064, 49.5847, 0.00217221]'
[69.2418, 49.8059, 0.00228764]'
[69.4342, 50.0189, 0.00239455]'
[69.643, 50.222, 0.00249198]'
[69.8697, 50.4138, 0.00257919]'
[70.1157, 50.5929, 0.00265568]'
[70.3822, 50.7586, 0.00272114]'
[70.6699, 50.9102, 0.00277549]'
[70.9793, 51.0473, 0.00281883]'
[71.3105, 51.1699, 0.00285147]'
[71.6631, 51.2781, 0.00287384]'
[72.0364, 51.3723, 0.00288652]'
[72.4292, 51.4531, 0.00289023]'
[72.8398, 51.5214, 0.00288576]'
[73.2663, 51.5779, 0.00287397]'
[73.7062, 51.6239, 0.00285578]'
[74.157, 51.6605, 0.00283211]'
[74.6155, 51.6889, 0.00280392]'
[75.0789, 51.7103, 0.00277211]'
[75.5438, 51.7262, 0.00273759]'
[76.0069, 51.7376, 0.00270118]'
[76.4651, 51.7457, 0.00266368]'
[76.9154, 51.7519, 0.00262578]'
[77.3548, 51.7569, 0.00258812]'
[77.7809, 51.7619, 0.00255125]'
[78.1913, 51.7677, 0.00251563]'
[78.5843, 51.7748, 0.00248165]'
[78.9586, 51.784, 0.00244961]'
[79.3133, 51.7957, 0.00241972]'
[79.6482, 51.8102, 0.00239214]'
[79.9634, 51.8277, 0.00236695]'
[80.2597, 51.8483, 0.00234419]'
[80.5385, 51.8721, 0.00232383]'
[80.8014, 51.8989, 0.00230581]'
[81.0507, 51.9286, 0.00229004]'
[81.289, 51.961, 0.00227641]'
[81.5192, 51.9959, 0.00226479]'
[81.7445, 52.0329, 0.00225502]'
[81.9683, 52.0718, 0.00224698]'
[82.194, 52.1124, 0.00224053]'
[82.425, 52.1544, 0.00223552]'
[82.6647, 52.1976, 0.00223184]'
[82.9162, 52.2418, 0.00222938]'
[83.1826, 52.2869, 0.00222804]'
[83.4663, 52.3327, 0.00222772]'
[83.7697, 52.3793, 0.00222836]'
[84.0944, 52.4267, 0.0022299]'
[84.4418, 52.475, 0.00223227]'
[84.8126, 52.5242, 0.00223543]'
[85.2071, 52.5746, 0.00223933]'
[85.625, 52.6263, 0.00224393]'
[86.0654, 52.6796, 0.00224919]'
[86.5271, 52.7346, 0.00225506]'
[87.0082, 52.7917, 0.00226147]'
[87.5064, 52.8509, 0.00226837]'
[88.0193, 52.9125, 0.0022757]'
[88.5438, 52.9766, 0.00228337]'
[89.0769, 53.0433, 0.00229129]'
[89.6153, 53.1127, 0.00229938]'
[90.1556, 53.1848, 0.00230753]'
[90.6945, 53.2595, 0.00231564]'
[91.2286, 53.3365, 0.0023236]'
[91.7548, 53.4158, 0.00233129]'
[92.2703, 53.497, 0.00233862]'
[92.7723, 53.5797, 0.00234548]'
[93.2585, 53.6636, 0.00235176]'
[93.727, 53.7481, 0.00235739]'
[94.1762, 53.8327, 0.00236227]'
[94.6049, 53.9168, 0.00236636]'
[95.0124, 53.9999, 0.00236958]'
[95.3985, 54.0814, 0.00237192]'
[95.7632, 54.1607, 0.00237336]'
[96.107, 54.2372, 0.00237387]'
[96.4308, 54.3103, 0.00237349]'
[96.7357, 54.3796, 0.00237223]'
[97.0232, 54.4446, 0.00237014]'
[97.2948, 54.5049, 0.00236726]'
[97.5523, 54.5602, 0.00236367]'
[97.7977, 54.6103, 0.00235942]'
[98.0327, 54.6551, 0.00235459]'
[98.2593, 54.6944, 0.00234926]'
[98.4794, 54.7285, 0.00234351]'
[98.6946, 54.7574, 0.0023374]'
[98.9064, 54.7814, 0.00233101]'
[99.1162, 54.8008, 0.00232441]'
[99.325, 54.8159, 0.00231765]'
[99.5339, 54.8274, 0.00231077]'
[99.7433, 54.8357, 0.00230382]'
[99.9536, 54.8414, 0.00229683]'
[100.165, 54.8451, 0.0022898]'
[100.377, 54.8473, 0.00228276]'
[100.59, 54.8488, 0.0022757]'
[100.802, 54.8501, 0.00226862]'
[101.014, 54.8519, 0.0022615]'
[101.224, 54.8545, 0.00225434]'
[101.431, 54.8585, 0.00224711]'
[101.634, 54.8643, 0.00223981]'
[101.833, 54.8722, 0.00223241]'
[102.026, 54.8825, 0.00222492]'
[102.211, 54.8953, 0.00221732]'
[102.389, 54.9106, 0.00220964]'
[102.558, 54.9284, 0.00220187]'
[102.718, 54.9486, 0.00219404]'
[102.868, 54.971, 0.00218619]'
[103.008, 54.9952, 0.00217837]'
[103.136, 55.021, 0.00217061]'
[103.254, 55.0478, 0.002163]'
[103.361, 55.0752, 0.00215558]'
[103.457, 55.1027, 0.00214845]'
[103.542, 55.1297, 0.00214167]'
[103.617, 55.1557, 0.00213533]'
[103.682, 55.1801, 0.00212951]'
[103.737, 55.2025, 0.00212428]'
[103.783, 55.2223, 0.00211972]'
[103.819, 55.2391, 0.00211589]'
[103.848, 55.2526, 0.00211285]'
[103.868, 55.2625, 0.00211065]'
[103.884, 55.2705, 0.00210886]'
[67.5565, 51.4036, -0.00101848]'
[67.552, 51.3992, -0.00101787]'
[67.5387, 51.3862, -0.00101603]'
[67.517, 51.3653, -0.00101284]'
[67.4878, 51.3373, -0.00100813]'
[67.4521, 51.3038, -0.00100168]'
[67.4114, 51.2662, -0.000993186]'
[67.3673, 51.2265, -0.000982315]'
[67.3216, 51.1868, -0.000968683]'
[67.2763, 51.1492, -0.000951869]'
[67.2334, 51.1159, -0.000931433]'
[67.1951, 51.0889, -0.000906919]'
[67.1636, 51.0704, -0.00087787]'
[67.1408, 51.0619, -0.000843836]'
[67.1289, 51.0651, -0.000804393]'
[67.1296, 51.081, -0.000759148]'
[67.1447, 51.1103, -0.000707756]'
[67.1753, 51.1534, -0.000649925]'
[67.2228, 51.2102, -0.000585436]'
[67.2879, 51.28, -0.000514144]'
[67.3711, 51.3618, -0.000435992]'
[67.4724, 51.4543, -0.000351015]'
[67.5916, 51.5556, -0.000259349]'
[67.7282, 51.6637, -0.000161232]'
[67.8811, 51.7762, -5.70071e-05]'
[68.0489, 51.8909, 5.2876e-05]'
[68.2301, 52.0051, 0.000167865]'
[68.4227, 52.1166, 0.000287307]'
[68.6243, 52.2231, 0.000410457]'
[68.8326, 52.3227, 0.000536485]'
[69.0448, 52.4139, 0.000664486]'
[69.2583, 52.4957, 0.000793491]'
[69.47, 52.5677, 0.000922485]'
[69.6771, 52.6301, 0.00105042]'
[69.8766, 52.6839, 0.00117622]'
[70.0658, 52.7308, 0.00129884]'
[70.2417, 52.7734, 0.00141721]'
[70.4019, 52.8151, 0.00153034]'
[70.544, 52.8599, 0.00163726]'
[70.6657, 52.913, 0.00173711]'
[70.7654, 52.9797, 0.00182908]'
[70.8412, 53.0663, 0.0019125]'
[70.8921, 53.1795, 0.0019868]'
[70.9171, 53.3263, 0.00205156]'
[70.9156, 53.5139, 0.00210648]'
[70.8874, 53.7497, 0.00215142]'
[70.8326, 54.0409, 0.0021864]'
[70.7517, 54.3943, 0.00221158]'
[70.6454, 54.8166, 0.00222729]'
[70.5147, 55.3134, 0.002234]'
[70.3611, 55.8899, 0.00223231]'
[70.186, 56.5502, 0.00222297]'
[69.9912, 57.2972, 0.00220682]'
[69.7786, 58.1327, 0.00218483]'
[69.5503, 59.0571, 0.00215803]'
[69.3083, 60.0696, 0.00212751]'
[69.055, 61.1678, 0.0020944]'
[68.7926, 62.3477, 0.00205986]'
[68.5232, 63.604, 0.00202501]'
[68.2489, 64.9301, 0.00199097]'
[67.972, 66.3178, 0.00195878]'
[67.6943, 67.7578, 0.0019294]'
[67.4177, 69.2397, 0.00190372]'
[67.1439, 70.7521, 0.00188247]'
[66.8746, 72.2828, 0.00186627]'
[66.611, 73.8191, 0.00185559]'
[66.3545, 75.3479, 0.00185074]'
[66.106, 76.8559, 0.00185187]'
[65.8666, 78.33, 0.00185894]'
[65.6368, 79.7574, 0.00187176]'
[65.4173, 81.1257, 0.00188998]'
[65.2084, 82.4235, 0.0019131]'
[65.0105, 83.6403, 0.00194045]'
[64.8237, 84.7667, 0.00197128]'
[64.6481, 85.7948, 0.00200468]'
[64.4835, 86.7181, 0.0020397]'
[64.3298, 87.5316, 0.00207529]'
[64.1868, 88.2322, 0.0021104]'
[64.0541, 88.8184, 0.00214394]'
[63.9316, 89.2904, 0.00217484]'
[63.8186, 89.6504, 0.00220208]'
[63.7149, 89.9021, 0.00222471]'
[63.6199, 90.0507, 0.00224186]'
[63.5332, 90.1032, 0.00225277]'
[63.4542, 90.0677, 0.00225684]'
[63.3824, 89.9535, 0.00225359]'
[63.3172, 89.7712, 0.00224273]'
[63.2581, 89.5317, 0.00222412]'
[63.2043, 89.247, 0.00219782]'
[63.1554, 88.929, 0.00216404]'
[63.1105, 88.59, 0.00212321]'
[63.0691, 88.2421, 0.00207588]'
[63.0305, 87.8972, 0.0020228]'
[62.9939, 87.5663, 0.00196483]'
[62.9588, 87.2601, 0.00190299]'
[62.9244, 86.9882, 0.00183837]'
[62.8901, 86.7589, 0.00177216]'
[62.8552, 86.5797, 0.00170559]'
[62.8193, 86.4566, 0.00163994]'
[62.7818, 86.3941, 0.00157645]'
[62.7425, 86.3955, 0.00151638]'
[62.7009, 86.4625, 0.00146089]'
[62.6571, 86.5954, 0.00141109]'
[62.6111, 86.7932, 0.00136796]'
[62.5631, 87.0536, 0.00133237]'
[62.5137, 87.3728, 0.00130504]'
[62.4634, 87.7462, 0.00128653]'
[62.4132, 88.1682, 0.00127724]'
[62.3644, 88.6322, 0.00127736]'
[62.3184, 89.1311, 0.00128694]'
[62.2769, 89.6572, 0.00130581]'
[62.242, 90.2027, 0.00133366]'
[62.2161, 90.7595, 0.00136998]'
[62.2015, 91.3195, 0.00141412]'
[62.2013, 91.8748, 0.0014653]'
[62.2183, 92.418, 0.00152262]'
[62.2557, 92.942, 0.00158506]'
[62.317, 93.4404, 0.00165154]'
[62.4056, 93.9076, 0.00172092]'
[62.5249, 94.3386, 0.00179205]'
[62.6785, 94.7293, 0.00186375]'
[62.8697, 95.0767, 0.00193489]'
[63.1019, 95.3783, 0.00200435]'
[63.3781, 95.6329, 0.00207111]'
[63.7012, 95.84, 0.00213419]'
[64.0737, 95.9999, 0.00219276]'
[64.4976, 96.1138, 0.00224605]'
[64.9747, 96.1835, 0.00229345]'
[65.5062, 96.2114, 0.00233445]'
[66.0925, 96.2006, 0.0023687]'
[66.7338, 96.1543, 0.00239595]'
[67.4293, 96.0763, 0.00241609]'
[68.1777, 95.9703, 0.00242914]'
[68.9771, 95.8405, 0.00243521]'
[69.8247, 95.6905, 0.00243452]'
[70.7172, 95.5243, 0.00242736]'
[71.6506, 95.3454, 0.00241412]'
[72.6202, 95.1571, 0.00239521]'
[73.6208, 94.9624, 0.00237108]'
[74.6465, 94.7636, 0.00234223]'
[75.6911, 94.5631, 0.00230913]'
[76.748, 94.3622, 0.00227225]'
[77.8102, 94.1622, 0.00223204]'
[78.8704, 93.9638, 0.00218892]'
[79.9214, 93.7671, 0.00214325]'
[80.9558, 93.5719, 0.00209535]'
[81.9663, 93.3777, 0.00204549]'
[82.9458, 93.1835, 0.00199388]'
[83.8875, 92.9882, 0.00194067]'
[84.785, 92.7905, 0.00188598]'
[85.6324, 92.5889, 0.00182987]'
[86.4243, 92.3818, 0.00177237]'
[87.156, 92.1679, 0.00171349]'
[87.8235, 91.9458, 0.00165324]'
[88.4237, 91.7142, 0.00159161]'
[88.9542, 91.4722, 0.00152862]'
[89.4135, 91.2191, 0.00146432]'
[89.8011, 90.9545, 0.00139878]'
[90.1174, 90.6785, 0.00133216]'
[90.3634, 90.3915, 0.00126464]'
[90.5413, 90.0941, 0.00119649]'
[90.654, 89.7878, 0.00112806]'
[90.705, 89.4739, 0.00105977]'
[90.6989, 89.1544, 0.000992107]'
[90.6405, 88.8316, 0.000925652]'
[90.5354, 88.5081, 0.000861041]'
[90.3895, 88.1866, 0.000798974]'
[90.2091, 87.87, 0.000740198]'
[90.0006, 87.5616, 0.000685492]'
[89.7706, 87.2643, 0.000635653]'
[89.5258, 86.9812, 0.000591474]'
[89.2725, 86.7154, 0.000553727]'
[89.017, 86.4697, 0.000523144]'
[88.7651, 86.2466, 0.00050039]'
[88.5223, 86.0485, 0.00048605]'
[88.2936, 85.8772, 0.000480604]'
[88.0832, 85.7343, 0.000484411]'
[87.895, 85.6208, 0.000497696]'
[87.7318, 85.5374, 0.000520531]'
[87.5959, 85.4842, 0.000552829]'
[87.4888, 85.4608, 0.000594336]'
[87.4113, 85.4662, 0.000644626]'
[87.3633, 85.499, 0.000703106]'
[87.3442, 85.5574, 0.000769017]'
[87.3526, 85.639, 0.000841447]'
[87.3863, 85.7412, 0.000919337]'
[87.4429, 85.8608, 0.00100151]'
[87.5194, 85.9945, 0.00108666]'
[87.6122, 86.1388, 0.00117344]'
[87.7176, 86.2899, 0.0012604]'
[87.8317, 86.444, 0.00134608]'
[87.9505, 86.5974, 0.00142903]'
[88.0699, 86.7464, 0.00150779]'
[88.186, 86.8873, 0.001581]'
[88.2952, 87.0169, 0.00164736]'
[88.3938, 87.1321, 0.00170567]'
[88.479, 87.2302, 0.0017549]'
[88.5481, 87.309, 0.00179415]'
[88.599, 87.3666, 0.00182271]'
[88.6406, 87.4135, 0.00184588]'
[99.0829, 56.4172, 0.00162291]'
[99.0806, 56.4156, 0.0016247]'
[99.0738, 56.4106, 0.00163005]'
[99.0627, 56.4026, 0.00163887]'
[99.0472, 56.3917, 0.00165101]'
[99.0278, 56.3783, 0.00166627]'
[99.0047, 56.363, 0.00168438]'
[98.9783, 56.3461, 0.00170504]'
[98.949, 56.3285, 0.0017279]'
[98.9171, 56.3106, 0.00175255]'
[98.8832, 56.2934, 0.00177855]'
[98.8478, 56.2774, 0.00180543]'
[98.8113, 56.2634, 0.0018327]'
[98.7742, 56.2522, 0.00185985]'
[98.7371, 56.2445, 0.00188633]'
[98.7004, 56.241, 0.00191164]'
[98.6645, 56.2423, 0.00193524]'
[98.6298, 56.2489, 0.00195664]'
[98.5968, 56.2612, 0.00197535]'
[98.5657, 56.2796, 0.00199093]'
[98.5368, 56.3043, 0.00200299]'
[98.5104, 56.3354, 0.00201119]'
[98.4866, 56.3728, 0.00201524]'
[98.4656, 56.4163, 0.00201493]'
[98.4474, 56.4656, 0.00201015]'
[98.4321, 56.5202, 0.00200083]'
[98.4196, 56.5795, 0.00198703]'
[98.41, 56.6427, 0.00196887]'
[98.4031, 56.709, 0.00194658]'
[98.3988, 56.7774, 0.00192048]'
[98.3971, 56.8469, 0.00189096]'
[98.3976, 56.9164, 0.00185852]'
[98.4004, 56.9848, 0.00182371]'
[98.4052, 57.0509, 0.00178717]'
[98.4118, 57.1137, 0.00174956]'
[98.42, 57.172, 0.00171162]'
[98.4298, 57.2249, 0.0016741]'
[98.4409, 57.2716, 0.00163776]'
[98.4533, 57.3112, 0.00160337]'
[98.4666, 57.3433, 0.00157167]'
[98.4809, 57.3675, 0.00154336]'
[98.4959, 57.3837, 0.0015191]'
[98.5115, 57.3919, 0.00149946]'
[98.5276, 57.3926, 0.00148495]'
[98.5441, 57.3863, 0.00147597]'
[98.5607, 57.3741, 0.00147281]'
[98.5774, 57.3571, 0.00147565]'
[98.594, 57.3367, 0.00148453]'
[98.6101, 57.3148, 0.00149939]'
[98.6257, 57.2933, 0.00152002]'
[98.6405, 57.2744, 0.00154609]'
[98.6541, 57.2607, 0.00157716]'
[98.6662, 57.2547, 0.00161268]'
[98.6766, 57.2592, 0.00165198]'
[98.6848, 57.277, 0.00169434]'
[98.6903, 57.311, 0.00173895]'
[98.6929, 57.3641, 0.00178496]'
[98.692, 57.4392, 0.0018315]'
[98.6871, 57.5392, 0.00187767]'
[98.6779, 57.6665, 0.00192262]'
[98.6638, 57.8237, 0.00196551]'
[98.6444, 58.013, 0.00200558]'
[98.6192, 58.2363, 0.00204214]'
[98.5879, 58.4952, 0.00207459]'
[98.55, 58.791, 0.00210246]'
[98.5054, 59.1246, 0.00212539]'
[98.4536, 59.4964, 0.00214318]'
[98.3946, 59.9066, 0.00215573]'
[98.3282, 60.3547, 0.00216314]'
[98.2544, 60.84, 0.00216561]'
[98.1733, 61.3613, 0.00216348]'
[98.0848, 61.9169, 0.00215725]'
[97.9894, 62.505, 0.0021475]'
[97.8873, 63.1231, 0.00213492]'
[97.7788, 63.7687, 0.0021203]'
[97.6645, 64.4387, 0.00210445]'
[97.5449, 65.1302, 0.00208824]'
[97.4206, 65.8397, 0.00207254]'
[97.2923, 66.5639, 0.00205821]'
[97.1607, 67.2992, 0.00204605]'
[97.0265, 68.042, 0.00203682]'
[96.8906, 68.7891, 0.00203118]'
[96.7536, 69.5369, 0.00202966]'
[96.6164, 70.2822, 0.00203269]'
[96.4797, 71.0219, 0.00204055]'
[96.3443, 71.7534, 0.00205336]'
[96.2107, 72.4739, 0.00207109]'
[96.0798, 73.1813, 0.00209354]'
[95.9519, 73.8737, 0.00212036]'
[95.8277, 74.5493, 0.00215106]'
[95.7075, 75.207, 0.002185]'
[95.5916, 75.8458, 0.00222143]'
[95.4803, 76.4652, 0.00225948]'
[95.3739, 77.0648, 0.00229824]'
[95.2722, 77.6446, 0.00233671]'
[95.1754, 78.205, 0.0023739]'
[95.0833, 78.7465, 0.00240882]'
[94.9959, 79.2698, 0.0024405]'
[94.9128, 79.7759, 0.00246806]'
[94.8339, 80.2657, 0.0024907]'
[94.7588, 80.7404, 0.00250775]'
[94.6871, 81.2011, 0.00251868]'
[94.6187, 81.649, 0.00252313]'
[94.5531, 82.0852, 0.00252091]'
[94.4899, 82.5109, 0.002512]'
[94.4288, 82.9269, 0.00249661]'
[94.3697, 83.3342, 0.00247512]'
[94.3121, 83.7334, 0.00244809]'
[94.2559, 84.1251, 0.00241626]'
[94.2009, 84.5098, 0.00238052]'
[94.147, 84.8876, 0.0023419]'
[94.0942, 85.2586, 0.00230155]'
[94.0426, 85.6227, 0.00226068]'
[93.9921, 85.9797, 0.00222055]'
[93.9429, 86.3292, 0.00218242]'
[93.8953, 86.6709, 0.00214755]'
[93.8493, 87.004, 0.00211712]'
[93.8054, 87.3281, 0.00209223]'
[93.7637, 87.6425, 0.00207382]'
[93.7247, 87.9467, 0.00206271]'
[93.6885, 88.2399, 0.00205952]'
[93.6556, 88.5218, 0.00206465]'
[93.6262, 88.7917, 0.0020783]'
[93.6005, 89.0495, 0.00210043]'
[93.579, 89.2948, 0.00213077]'
[93.5616, 89.5275, 0.0021688]'
[93.5485, 89.7476, 0.00221379]'
[93.5399, 89.9554, 0.00226482]'
[93.5357, 90.1509, 0.00232074]'
[93.536, 90.3348, 0.0023803]'
[93.5404, 90.5075, 0.00244208]'
[93.5489, 90.6695, 0.00250459]'
[93.5612, 90.8216, 0.00256629]'
[93.577, 90.9646, 0.00262564]'
[93.5959, 91.0992, 0.00268113]'
[93.6174, 91.2262, 0.00273133]'
[93.6412, 91.3464, 0.00277493]'
[93.6665, 91.4604, 0.00281078]'
[93.6931, 91.5688, 0.00283793]'
[93.7203, 91.6724, 0.00285565]'
[93.7475, 91.7713, 0.00286345]'
[93.7744, 91.866, 0.00286112]'
[93.8003, 91.9566, 0.00284872]'
[93.8248, 92.0431, 0.00282658]'
[93.8475, 92.1254, 0.0027953]'
[93.8681, 92.2032, 0.00275578]'
[93.8862, 92.276, 0.0027091]'
[93.9017, 92.3435, 0.0026566]'
[93.9143, 92.405, 0.00259978]'
[93.924, 92.4598, 0.00254027]'
[93.9308, 92.5072, 0.0024798]'
[93.9347, 92.5465, 0.00242015]'
[93.9359, 92.577, 0.00236309]'
[93.9346, 92.5981, 0.00231031]'
[93.9309, 92.6093, 0.00226342]'
[93.9254, 92.6102, 0.00222385]'
[93.9182, 92.6006, 0.00219284]'
[93.9098, 92.5803, 0.00217136]'
[93.9007, 92.5497, 0.00216011]'
[93.8912, 92.509, 0.00215947]'
[93.8817, 92.459, 0.00216949]'
[93.8729, 92.4006, 0.00218988]'
[93.8649, 92.3349, 0.00221999]'
[93.8583, 92.2633, 0.00225882]'
[93.8534, 92.1874, 0.00230507]'
[93.8505, 92.1091, 0.00235709]'
[93.85, 92.0303, 0.00241302]'
[93.8519, 91.9531, 0.00247072]'
[93.8565, 91.8797, 0.0025279]'
[93.864, 91.8125, 0.00258216]'
[93.8743, 91.7537, 0.00263099]'
[93.8875, 91.7054, 0.00267194]'
[93.9035, 91.6697, 0.00270258]'
[93.9222, 91.6487, 0.00272064]'
[93.9434, 91.6439, 0.00272402]'
[93.967, 91.6569, 0.0027109]'
[93.9927, 91.6887, 0.00267974]'
[94.0202, 91.7403, 0.00262939]'
[94.0493, 91.8119, 0.00255907]'
[94.0796, 91.9037, 0.00246845]'
[94.1109, 92.0152, 0.00235766]'
[94.1427, 92.1457, 0.00222727]'
[94.1748, 92.2939, 0.00207834]'
[94.2069, 92.4582, 0.00191237]'
[94.2386, 92.6366, 0.0017313]'
[94.2697, 92.8267, 0.00153747]'
[94.2999, 93.0259, 0.00133359]'
[94.3289, 93.2312, 0.00112266]'
[94.3566, 93.4396, 0.000907925]'
[94.3826, 93.6477, 0.000692829]'
[94.4069, 93.8522, 0.00048091]'
[94.4292, 94.0497, 0.000275743]'
[94.4495, 94.2369, 8.08584e-05]'
[94.4677, 94.4107, -0.000100334]'
[94.4835, 94.568, -0.00026462]'
[94.4971, 94.7061, -0.000409052]'
[94.5082, 94.8226, -0.000531014]'
[94.5169, 94.9155, -0.00062828]'
[94.5232, 94.983, -0.000699067]'
[94.5282, 95.0377, -0.000756492]'
