[62.9596, 15.2482, 0.0018777]'
[62.9667, 15.2968, 0.00192035]'
[62.989, 15.4338, 0.00203093]'
[63.0286, 15.6361, 0.00216296]'
[63.0889, 15.8745, 0.00225603]'
[63.1734, 16.1255, 0.00225621]'
[63.2851, 16.3816, 0.00213601]'
[63.4257, 16.6575, 0.00190765]'
[63.5943, 16.9909, 0.00162579]'
[63.7876, 17.4343, 0.00137783]'
[63.9988, 18.0437, 0.00126392]'
[64.2182, 18.8634, 0.00137125]'
[64.4333, 19.9134, 0.00174916]'
[64.6293, 21.1836, 0.0023916]'
[64.7905, 22.6354, 0.00323218]'
[64.9008, 24.2133, 0.00415353]'
[64.9453, 25.8632, 0.00500978]'
[64.9112, 27.5538, 0.00565699]'
[64.7891, 29.2955, 0.0059847]'
[64.5736, 31.1514, 0.00594089]'
[64.264, 33.2362, 0.00554414]'
[63.865, 35.7026, 0.00487974]'
[63.3862, 38.7149, 0.00408039]'
[62.8422, 42.4165, 0.0032957]'
[62.2518, 46.896, 0.00265769]'
[61.6371, 52.1602, 0.0022506]'
[61.0226, 58.1195, 0.00209218]'
[60.4332, 64.5898, 0.00213131]'
[59.8934, 71.3119, 0.00226243]'
[59.4253, 77.9847, 0.00235361]'
[59.0471, 84.3059, 0.00228144]'
[58.7723, 90.0144, 0.00196424]'
[58.6084, 94.924, 0.00138539]'
[58.5565, 98.9444, 0.000600886]'
[58.6115, 102.085, -0.000270879]'
[58.762, 104.441, -0.00107515]'
[58.9922, 106.169, -0.0016564]'
[59.2824, 107.451, -0.00189509]'
[59.611, 108.463, -0.00173675]'
[59.9565, 109.346, -0.00120635]'
[60.2987, 110.191, -0.000404241]'
[60.6205, 111.033, 0.000515518]'
[60.9089, 111.865, 0.00137933]'
[61.1555, 112.651, 0.00203279]'
[61.3566, 113.344, 0.00237482]'
[61.5128, 113.91, 0.00237894]'
[61.6279, 114.333, 0.00209685]'
[61.7077, 114.617, 0.00164345]'
[61.7587, 114.788, 0.0011669]'
[61.7955, 114.899, 0.000680043]'
