[28.1351, 22.1895, 0.000935576]'
[28.1317, 22.2088, 0.000938627]'
[28.1215, 22.2661, 0.000947727]'
[28.1049, 22.3598, 0.000962718]'
[28.0824, 22.4872, 0.000983339]'
[28.0547, 22.6448, 0.00100924]'
[28.0228, 22.8281, 0.00103997]'
[27.9877, 23.0319, 0.00107502]'
[27.9507, 23.2507, 0.00111381]'
[27.913, 23.4784, 0.0011557]'
[27.876, 23.7088, 0.00120004]'
[27.841, 23.9357, 0.00124613]'
[27.8095, 24.1534, 0.00129329]'
[27.7827, 24.3562, 0.00134084]'
[27.7619, 24.5394, 0.00138812]'
[27.7482, 24.6987, 0.00143453]'
[27.7424, 24.8312, 0.00147952]'
[27.7455, 24.9346, 0.00152258]'
[27.7577, 25.0082, 0.00156329]'
[27.7796, 25.052, 0.00160132]'
[27.811, 25.0678, 0.0016364]'
[27.8517, 25.0582, 0.00166837]'
[27.9011, 25.0272, 0.00169714]'
[27.9585, 24.9799, 0.00172272]'
[28.0226, 24.9225, 0.00174519]'
[28.0922, 24.8619, 0.00176469]'
[28.1655, 24.8058, 0.00178146]'
[28.2408, 24.7625, 0.00179575]'
[28.3161, 24.7405, 0.00180789]'
[28.389, 24.7485, 0.00181822]'
[28.4575, 24.795, 0.00182712]'
[28.519, 24.8881, 0.00183495]'
[28.5714, 25.0354, 0.00184209]'
[28.6122, 25.2438, 0.00184889]'
[28.6393, 25.5192, 0.00185566]'
[28.6507, 25.8661, 0.0018627]'
[28.6446, 26.2879, 0.00187024]'
[28.6193, 26.7867, 0.00187848]'
[28.5737, 27.363, 0.00188756]'
[28.507, 28.0155, 0.00189755]'
[28.4185, 28.7418, 0.00190847]'
[28.3084, 29.5377, 0.00192028]'
[28.177, 30.3975, 0.00193291]'
[28.0253, 31.3142, 0.0019462]'
[27.8546, 32.2796, 0.00195999]'
[27.6668, 33.2844, 0.00197407]'
[27.4643, 34.3183, 0.00198819]'
[27.2499, 35.3705, 0.00200212]'
[27.0269, 36.4294, 0.0020156]'
[26.7988, 37.4836, 0.00202839]'
[26.5696, 38.5211, 0.00204025]'
[26.3437, 39.5307, 0.00205097]'
[26.1254, 40.5013, 0.00206037]'
[25.9194, 41.4225, 0.00206832]'
[25.7303, 42.2847, 0.00207471]'
[25.5629, 43.0796, 0.0020795]'
[25.4216, 43.7998, 0.00208268]'
[25.311, 44.4391, 0.0020843]'
[25.2352, 44.993, 0.00208445]'
[25.198, 45.4582, 0.00208327]'
[25.2028, 45.8328, 0.00208093]'
[25.2526, 46.1166, 0.00207764]'
[25.3498, 46.3106, 0.00207363]'
[25.4963, 46.4171, 0.00206916]'
[25.6932, 46.4397, 0.00206448]'
[25.941, 46.3831, 0.00205984]'
[26.2395, 46.2529, 0.00205548]'
[26.5881, 46.0554, 0.00205164]'
[26.9849, 45.7978, 0.0020485]'
[27.428, 45.4875, 0.00204622]'
[27.9144, 45.1322, 0.00204492]'
[28.4407, 44.7396, 0.00204465]'
[29.0028, 44.3176, 0.00204545]'
[29.5963, 43.8736, 0.00204725]'
[30.2164, 43.4145, 0.00204999]'
[30.8578, 42.9471, 0.0020535]'
[31.5151, 42.4773, 0.0020576]'
[32.1827, 42.0103, 0.00206207]'
[32.8551, 41.5506, 0.00206662]'
[33.5266, 41.1019, 0.00207097]'
[34.192, 40.6673, 0.00207481]'
[34.8461, 40.249, 0.00207781]'
[35.484, 39.8484, 0.00207965]'
[36.1016, 39.4664, 0.00208005]'
[36.6948, 39.1032, 0.00207872]'
[37.2605, 38.7586, 0.00207541]'
[37.7961, 38.4321, 0.00206993]'
[38.2994, 38.1226, 0.00206213]'
[38.7694, 37.8293, 0.00205192]'
[39.2055, 37.5509, 0.00203928]'
[39.6079, 37.2864, 0.00202424]'
[39.9775, 37.0349, 0.00200692]'
[40.316, 36.7957, 0.00198749]'
[40.6255, 36.5684, 0.00196618]'
[40.909, 36.3529, 0.00194331]'
[41.1699, 36.1497, 0.0019192]'
[41.412, 35.9593, 0.00189426]'
[41.6398, 35.783, 0.0018689]'
[41.8577, 35.6224, 0.00184359]'
[42.0705, 35.4791, 0.00181877]'
[42.2833, 35.3555, 0.0017949]'
[42.5009, 35.2538, 0.00177242]'
[42.7282, 35.1766, 0.00175175]'
[42.9699, 35.1264, 0.00173326]'
[43.2304, 35.1056, 0.00171728]'
[43.5138, 35.1168, 0.00170408]'
[43.8238, 35.1618, 0.00169387]'
[44.1637, 35.2426, 0.00168676]'
[44.5359, 35.3603, 0.00168282]'
[44.9427, 35.5159, 0.00168202]'
[45.3854, 35.7096, 0.00168426]'
[45.8648, 35.941, 0.00168937]'
[46.3811, 36.2089, 0.0016971]'
[46.9338, 36.5119, 0.00170715]'
[47.5217, 36.8473, 0.00171916]'
[48.1431, 37.2123, 0.00173272]'
[48.7957, 37.6031, 0.0017474]'
[49.4766, 38.0156, 0.00176275]'
[50.1826, 38.4451, 0.0017783]'
[50.91, 38.8865, 0.00179361]'
[51.6548, 39.3344, 0.00180825]'
[52.4126, 39.7833, 0.00182182]'
[53.1791, 40.2276, 0.00183397]'
[53.9496, 40.6616, 0.0018444]'
[54.7195, 41.0799, 0.00185288]'
[55.4842, 41.4773, 0.00185926]'
[56.2393, 41.849, 0.00186343]'
[56.9805, 42.1907, 0.0018654]'
[57.7036, 42.4985, 0.00186521]'
[58.4049, 42.7693, 0.00186301]'
[59.0809, 43.0005, 0.00185901]'
[59.7285, 43.1904, 0.00185345]'
[60.3448, 43.3378, 0.00184666]'
[60.9277, 43.4423, 0.00183899]'
[61.475, 43.5044, 0.00183081]'
[61.9854, 43.5249, 0.00182253]'
[62.4577, 43.5056, 0.00181452]'
[62.8911, 43.4485, 0.00180717]'
[63.2854, 43.3564, 0.00180082]'
[63.6404, 43.2322, 0.00179577]'
[63.9566, 43.0793, 0.00179228]'
[64.2345, 42.9012, 0.00179052]'
[64.475, 42.7015, 0.0017906]'
[64.6791, 42.4839, 0.00179255]'
[64.8482, 42.2517, 0.0017963]'
[64.9836, 42.0083, 0.00180172]'
[65.0867, 41.7569, 0.00180858]'
[65.1593, 41.5, 0.00181655]'
[65.2029, 41.24, 0.00182525]'
[65.2191, 40.9789, 0.00183424]'
[65.2095, 40.718, 0.00184299]'
[65.1759, 40.4583, 0.00185097]'
[65.1198, 40.2005, 0.00185759]'
[65.0427, 39.9445, 0.00186228]'
[64.9461, 39.69, 0.00186445]'
[64.8314, 39.4363, 0.00186355]'
[64.7001, 39.1824, 0.00185907]'
[64.5533, 38.9272, 0.00185056]'
[64.3924, 38.6691, 0.00183764]'
[64.2186, 38.4066, 0.00182001]'
[64.0331, 38.1383, 0.00179748]'
[63.8371, 37.8625, 0.00176997]'
[63.6317, 37.5779, 0.00173749]'
[63.4181, 37.2833, 0.0017002]'
[63.1974, 36.9778, 0.00165835]'
[62.9708, 36.6606, 0.00161233]'
[62.7394, 36.3314, 0.00156261]'
[62.5045, 35.9902, 0.00150977]'
[62.2671, 35.6373, 0.00145449]'
[62.0285, 35.2736, 0.0013975]'
[61.7899, 34.9, 0.0013396]'
[61.5525, 34.518, 0.00128163]'
[61.3173, 34.1293, 0.00122444]'
[61.0856, 33.7359, 0.00116887]'
[60.8585, 33.34, 0.00111575]'
[60.637, 32.9439, 0.00106585]'
[60.4221, 32.5502, 0.00101988]'
[60.2147, 32.1613, 0.000978492]'
[60.0157, 31.7797, 0.000942205]'
[59.8257, 31.4078, 0.000911443]'
[59.6454, 31.0478, 0.000886507]'
[59.4753, 30.7018, 0.000867565]'
[59.3158, 30.3716, 0.000854651]'
[59.1671, 30.0589, 0.000847664]'
[59.0294, 29.7649, 0.000846369]'
[58.9027, 29.4907, 0.000850404]'
[58.7869, 29.2369, 0.000859289]'
[58.6818, 29.0039, 0.000872442]'
[58.5872, 28.7918, 0.000889188]'
[58.5027, 28.6004, 0.000908782]'
[58.4279, 28.4295, 0.000930427]'
[58.3622, 28.2784, 0.000953295]'
[58.3053, 28.1464, 0.000976551]'
[58.2565, 28.0327, 0.00099937]'
[58.2155, 27.9365, 0.00102097]'
[58.1816, 27.8568, 0.00104061]'
[58.1546, 27.7929, 0.00105764]'
[58.134, 27.7441, 0.0010715]'
[58.1195, 27.7096, 0.00108173]'
[58.1081, 27.6824, 0.00109012]'
[23.625, 14.375, 0.00225]'
[23.6252, 14.3764, 0.00225]'
[23.6261, 14.3805, 0.00225]'
[23.6276, 14.3872, 0.00225]'
[23.6303, 14.3967, 0.00225]'
[23.6345, 14.4088, 0.00225]'
[23.6407, 14.4234, 0.00225]'
[23.6497, 14.4405, 0.00225]'
[23.6619, 14.46, 0.00225]'
[23.6781, 14.4818, 0.00225]'
[23.6989, 14.5059, 0.00225]'
[23.7249, 14.5321, 0.00225]'
[23.7566, 14.5605, 0.00225]'
[23.7944, 14.5909, 0.00225]'
[23.8387, 14.6233, 0.00225]'
[23.8895, 14.6577, 0.00225]'
[23.9468, 14.694, 0.00225]'
[24.0104, 14.7323, 0.00225]'
[24.0801, 14.7725, 0.00225]'
[24.1552, 14.8148, 0.00225]'
[24.2351, 14.8591, 0.00225]'
[24.3189, 14.9056, 0.00225]'
[24.4058, 14.9543, 0.00225]'
[24.4948, 15.0053, 0.00225]'
[24.5846, 15.0588, 0.00225]'
[24.6744, 15.1148, 0.00225]'
[24.763, 15.1736, 0.00225]'
[24.8494, 15.2351, 0.00225]'
[24.9328, 15.2996, 0.00225]'
[25.0124, 15.3671, 0.00225]'
[25.0876, 15.4377, 0.00225]'
[25.158, 15.5116, 0.00225]'
[25.2236, 15.5886, 0.00225]'
[25.2844, 15.6689, 0.00225]'
[25.3407, 15.7525, 0.00225]'
[25.3933, 15.8392, 0.00225]'
[25.443, 15.9291, 0.00225]'
[25.4908, 16.0219, 0.00225]'
[25.5381, 16.1175, 0.00225]'
[25.5865, 16.2157, 0.00225]'
[25.6375, 16.3163, 0.00225]'
[25.6929, 16.4189, 0.00225]'
[25.7545, 16.5233, 0.00225]'
[25.8242, 16.6292, 0.00225]'
[25.9036, 16.7361, 0.00225]'
[25.9944, 16.8437, 0.00225]'
[26.0982, 16.9516, 0.00225]'
[26.2161, 17.0593, 0.00225]'
[26.3493, 17.1665, 0.00225]'
[26.4984, 17.2727, 0.00225]'
[26.6638, 17.3775, 0.00225]'
[26.8457, 17.4805, 0.00225]'
[27.0438, 17.5814, 0.00225]'
[27.2574, 17.6799, 0.00225]'
[27.4855, 17.7755, 0.00225]'
[27.727, 17.8681, 0.00225]'
[27.9802, 17.9574, 0.00225]'
[28.2434, 18.0432, 0.00225]'
[28.5146, 18.1253, 0.00225]'
[28.7917, 18.2038, 0.00225]'
[29.0726, 18.2785, 0.00225]'
[29.3552, 18.3494, 0.00225]'
[29.6375, 18.4167, 0.00225]'
[29.9177, 18.4803, 0.00225]'
[30.1942, 18.5404, 0.00225]'
[30.4659, 18.5972, 0.00225]'
[30.7318, 18.6509, 0.00225]'
[30.9917, 18.7018, 0.00225]'
[31.2457, 18.75, 0.00225]'
[31.4944, 18.796, 0.00225]'
[31.7392, 18.8399, 0.00225]'
[31.9818, 18.8821, 0.00225]'
[32.2247, 18.9229, 0.00225]'
[32.4708, 18.9626, 0.00225]'
[32.7235, 19.0014, 0.00225]'
[32.9869, 19.0397, 0.00225]'
[33.2652, 19.0777, 0.00225]'
[33.563, 19.1156, 0.00225]'
[33.8854, 19.1536, 0.00225]'
[34.2373, 19.192, 0.00225]'
[34.6237, 19.2307, 0.00225]'
[35.0496, 19.2699, 0.00225]'
[35.5199, 19.3097, 0.00225]'
[36.0391, 19.3501, 0.00225]'
[36.6112, 19.391, 0.00225]'
[37.2399, 19.4324, 0.00225]'
[37.9282, 19.4742, 0.00225]'
[38.6784, 19.5163, 0.00225]'
[39.4922, 19.5584, 0.00225]'
[40.3704, 19.6003, 0.00225]'
[41.3131, 19.6419, 0.00225]'
[42.3194, 19.6828, 0.00225]'
[43.3878, 19.7227, 0.00225]'
[44.5158, 19.7615, 0.00225]'
[45.7001, 19.7986, 0.00225]'
[46.9369, 19.8339, 0.00225]'
[48.2217, 19.8669, 0.00225]'
[49.5492, 19.8973, 0.00225]'
[50.9139, 19.9248, 0.00225]'
[52.3099, 19.949, 0.00225]'
[53.7309, 19.9697, 0.00225]'
[55.1706, 19.9864, 0.00225]'
[56.6227, 19.9989, 0.00225]'
[58.081, 20.0069, 0.00225]'
[59.5393, 20.0101, 0.00225]'
[60.9922, 20.0084, 0.00225]'
[62.4342, 20.0015, 0.00225]'
[63.8605, 19.9893, 0.00225]'
[65.2671, 19.9716, 0.00225]'
[66.6502, 19.9483, 0.00225]'
[68.007, 19.9195, 0.00225]'
[69.3351, 19.885, 0.00225]'
[70.6331, 19.845, 0.00225]'
[71.9001, 19.7995, 0.00225]'
[73.1358, 19.7487, 0.00225]'
[74.3404, 19.6927, 0.00225]'
[75.515, 19.6318, 0.00225]'
[76.6607, 19.5663, 0.00225]'
[77.7793, 19.4964, 0.00225]'
[78.8727, 19.4226, 0.00225]'
[79.9432, 19.3452, 0.00225]'
[80.993, 19.2646, 0.00225]'
[82.0243, 19.1815, 0.00225]'
[83.0392, 19.0962, 0.00225]'
[84.0398, 19.0094, 0.00225]'
[85.0278, 18.9215, 0.00225]'
[86.0046, 18.8331, 0.00225]'
[86.9711, 18.7449, 0.00225]'
[87.9279, 18.6575, 0.00225]'
[88.8751, 18.5713, 0.00225]'
[89.8124, 18.4871, 0.00225]'
[90.7389, 18.4053, 0.00225]'
[91.6534, 18.3265, 0.00225]'
[92.5541, 18.2512, 0.00225]'
[93.4391, 18.18, 0.00225]'
[94.3059, 18.1132, 0.00225]'
[95.152, 18.0512, 0.00225]'
[95.9745, 17.9944, 0.00225]'
[96.7706, 17.9431, 0.00225]'
[97.5373, 17.8975, 0.00225]'
[98.272, 17.8577, 0.00225]'
[98.972, 17.8239, 0.00225]'
[99.6349, 17.796, 0.00225]'
[100.259, 17.7741, 0.00225]'
[100.842, 17.7581, 0.00225]'
[101.383, 17.7478, 0.00225]'
[101.881, 17.7431, 0.00225]'
[102.336, 17.7435, 0.00225]'
[102.749, 17.749, 0.00225]'
[103.119, 17.7589, 0.00225]'
[103.449, 17.7731, 0.00225]'
[103.741, 17.791, 0.00225]'
[103.997, 17.8123, 0.00225]'
[104.218, 17.8364, 0.00225]'
[104.41, 17.8628, 0.00225]'
[104.574, 17.8912, 0.00225]'
[104.715, 17.921, 0.00225]'
[104.836, 17.9518, 0.00225]'
[104.941, 17.9831, 0.00225]'
[105.034, 18.0146, 0.00225]'
[105.118, 18.0459, 0.00225]'
[105.196, 18.0766, 0.00225]'
[105.273, 18.1064, 0.00225]'
[105.35, 18.1351, 0.00225]'
[105.43, 18.1625, 0.00225]'
[105.515, 18.1884, 0.00225]'
[105.608, 18.2127, 0.00225]'
[105.708, 18.2353, 0.00225]'
[105.816, 18.2561, 0.00225]'
[105.934, 18.2752, 0.00225]'
[106.061, 18.2927, 0.00225]'
[106.195, 18.3085, 0.00225]'
[106.337, 18.3228, 0.00225]'
[106.486, 18.3357, 0.00225]'
[106.639, 18.3473, 0.00225]'
[106.795, 18.3578, 0.00225]'
[106.952, 18.3674, 0.00225]'
[107.109, 18.3761, 0.00225]'
[107.263, 18.3842, 0.00225]'
[107.414, 18.3918, 0.00225]'
[107.558, 18.399, 0.00225]'
[107.696, 18.4059, 0.00225]'
[107.825, 18.4126, 0.00225]'
[107.945, 18.4192, 0.00225]'
[108.054, 18.4258, 0.00225]'
[108.152, 18.4323, 0.00225]'
[108.24, 18.4389, 0.00225]'
[108.317, 18.4454, 0.00225]'
[108.382, 18.4518, 0.00225]'
[108.438, 18.4581, 0.00225]'
[108.484, 18.4643, 0.00225]'
[108.521, 18.4702, 0.00225]'
[108.551, 18.4759, 0.00225]'
[108.574, 18.4811, 0.00225]'
[108.591, 18.4858, 0.00225]'
[108.604, 18.49, 0.00225]'
[108.613, 18.4935, 0.00225]'
[108.619, 18.4963, 0.00225]'
[108.622, 18.4983, 0.00225]'
[108.625, 18.5, 0.00225]'
[25.8955, 57.4463, 0.000461868]'
[25.8982, 57.4631, 0.000470002]'
[25.9064, 57.5131, 0.000494263]'
[25.9198, 57.595, 0.00053423]'
[25.938, 57.7065, 0.00058921]'
[25.9605, 57.8446, 0.000658255]'
[25.9867, 58.0057, 0.000740179]'
[26.0159, 58.1853, 0.000833586]'
[26.0472, 58.3785, 0.000936898]'
[26.0799, 58.5802, 0.00104839]'
[26.1129, 58.7848, 0.00116621]'
[26.1455, 58.9866, 0.00128845]'
[26.1768, 59.1802, 0.00141315]'
[26.2061, 59.36, 0.00153836]'
[26.2326, 59.5211, 0.00166218]'
[26.2557, 59.6589, 0.00178276]'
[26.2749, 59.7692, 0.0018984]'
[26.29, 59.8489, 0.00200752]'
[26.3007, 59.8952, 0.00210872]'
[26.307, 59.9066, 0.00220081]'
[26.3089, 59.8823, 0.0022828]'
[26.3069, 59.8224, 0.00235394]'
[26.3012, 59.7279, 0.00241372]'
[26.2923, 59.6009, 0.00246187]'
[26.281, 59.4443, 0.00249838]'
[26.268, 59.2617, 0.00252344]'
[26.254, 59.0577, 0.00253749]'
[26.2399, 58.8373, 0.00254115]'
[26.2264, 58.6061, 0.00253524]'
[26.2145, 58.37, 0.00252074]'
[26.2048, 58.1355, 0.00249875]'
[26.1981, 57.9088, 0.00247046]'
[26.195, 57.6963, 0.00243715]'
[26.196, 57.5041, 0.00240013]'
[26.2013, 57.3382, 0.00236071]'
[26.2112, 57.204, 0.00232018]'
[26.2257, 57.1063, 0.00227977]'
[26.2446, 57.0494, 0.00224064]'
[26.2678, 57.0367, 0.00220384]'
[26.2947, 57.0709, 0.00217028]'
[26.3246, 57.1538, 0.00214076]'
[26.357, 57.2861, 0.00211589]'
[26.391, 57.468, 0.00209614]'
[26.4255, 57.6983, 0.00208181]'
[26.4597, 57.9755, 0.00207303]'
[26.4924, 58.2969, 0.00206978]'
[26.5227, 58.6591, 0.00207187]'
[26.5495, 59.0582, 0.00207897]'
[26.5719, 59.4897, 0.00209065]'
[26.589, 59.9486, 0.00210634]'
[26.5999, 60.4298, 0.00212541]'
[26.604, 60.9278, 0.00214715]'
[26.6009, 61.4372, 0.0021708]'
[26.59, 61.9524, 0.0021956]'
[26.5713, 62.4684, 0.00222078]'
[26.5446, 62.9802, 0.0022456]'
[26.5101, 63.4833, 0.00226934]'
[26.4681, 63.9737, 0.00229139]'
[26.4189, 64.448, 0.00231117]'
[26.3633, 64.9035, 0.00232821]'
[26.3017, 65.3379, 0.00234215]'
[26.235, 65.7501, 0.00235271]'
[26.164, 66.1392, 0.00235976]'
[26.0895, 66.5052, 0.00236324]'
[26.0124, 66.849, 0.00236322]'
[25.9335, 67.1717, 0.00235988]'
[25.8536, 67.4754, 0.00235347]'
[25.7735, 67.7623, 0.00234434]'
[25.6937, 68.0353, 0.0023329]'
[25.6146, 68.2976, 0.00231963]'
[25.5368, 68.5524, 0.00230502]'
[25.4604, 68.8034, 0.00228962]'
[25.3854, 69.0539, 0.00227396]'
[25.3119, 69.3074, 0.00225856]'
[25.2395, 69.5673, 0.00224393]'
[25.168, 69.8364, 0.00223052]'
[25.0968, 70.1176, 0.00221876]'
[25.0255, 70.4131, 0.00220897]'
[24.9534, 70.7248, 0.00220144]'
[24.8798, 71.0539, 0.00219636]'
[24.8041, 71.4013, 0.00219385]'
[24.7255, 71.7673, 0.00219392]'
[24.6434, 72.1516, 0.00219654]'
[24.5572, 72.5535, 0.00220157]'
[24.4666, 72.9717, 0.00220881]'
[24.371, 73.4044, 0.00221798]'
[24.2704, 73.8495, 0.00222876]'
[24.1647, 74.3045, 0.00224078]'
[24.0539, 74.7668, 0.00225365]'
[23.9385, 75.2333, 0.00226693]'
[23.819, 75.7009, 0.0022802]'
[23.6958, 76.1667, 0.00229304]'
[23.57, 76.6274, 0.00230505]'
[23.4425, 77.0801, 0.00231584]'
[23.3143, 77.522, 0.00232509]'
[23.1866, 77.9505, 0.00233251]'
[23.0607, 78.3634, 0.00233787]'
[22.9378, 78.7588, 0.00234103]'
[22.8192, 79.1351, 0.00234186]'
[22.706, 79.4913, 0.00234036]'
[22.5995, 79.8267, 0.00233655]'
[22.5006, 80.141, 0.00233055]'
[22.4101, 80.4344, 0.00232252]'
[22.3286, 80.7076, 0.00231269]'
[22.2567, 80.9616, 0.00230132]'
[22.1946, 81.1978, 0.00228872]'
[22.1421, 81.4178, 0.00227524]'
[22.099, 81.6238, 0.00226124]'
[22.0647, 81.8178, 0.00224708]'
[22.0385, 82.0023, 0.00223313]'
[22.0194, 82.1798, 0.00221975]'
[22.0061, 82.3528, 0.00220727]'
[21.9971, 82.5239, 0.00219599]'
[21.9911, 82.6957, 0.00218618]'
[21.9863, 82.8704, 0.00217806]'
[21.981, 83.0504, 0.00217178]'
[21.9736, 83.2377, 0.00216747]'
[21.9623, 83.4342, 0.00216518]'
[21.9456, 83.6413, 0.0021649]'
[21.922, 83.8605, 0.00216659]'
[21.8903, 84.0926, 0.00217011]'
[21.8494, 84.3383, 0.00217533]'
[21.7985, 84.598, 0.00218203]'
[21.7371, 84.8718, 0.00218997]'
[21.6652, 85.1593, 0.00219888]'
[21.5827, 85.4602, 0.00220847]'
[21.4901, 85.7735, 0.00221845]'
[21.3883, 86.0984, 0.0022285]'
[21.2784, 86.4335, 0.00223831]'
[21.1616, 86.7774, 0.00224762]'
[21.0398, 87.1285, 0.00225613]'
[20.9147, 87.4852, 0.00226363]'
[20.7885, 87.8457, 0.00226989]'
[20.6633, 88.208, 0.00227477]'
[20.5413, 88.5703, 0.00227813]'
[20.4249, 88.9307, 0.00227989]'
[20.3162, 89.2873, 0.00228004]'
[20.2174, 89.6382, 0.00227857]'
[20.1305, 89.9817, 0.00227556]'
[20.0572, 90.3159, 0.0022711]'
[19.9989, 90.6393, 0.00226534]'
[19.9569, 90.9503, 0.00225845]'
[19.932, 91.2475, 0.00225063]'
[19.9246, 91.5296, 0.00224211]'
[19.9348, 91.7955, 0.00223312]'
[19.9623, 92.0441, 0.00222391]'
[20.0063, 92.2746, 0.00221474]'
[20.0658, 92.4862, 0.00220585]'
[20.1393, 92.6784, 0.00219746]'
[20.2249, 92.8508, 0.00218981]'
[20.3207, 93.0031, 0.00218307]'
[20.4243, 93.1354, 0.00217742]'
[20.5332, 93.2477, 0.002173]'
[20.6449, 93.3403, 0.0021699]'
[20.7566, 93.4137, 0.0021682]'
[20.8657, 93.4685, 0.00216794]'
[20.9697, 93.5056, 0.0021691]'
[21.0662, 93.5258, 0.00217166]'
[21.1528, 93.5305, 0.00217555]'
[21.2276, 93.5209, 0.00218068]'
[21.289, 93.4986, 0.00218693]'
[21.3357, 93.465, 0.00219416]'
[21.3667, 93.4221, 0.00220221]'
[21.3814, 93.3717, 0.0022109]'
[21.3798, 93.3156, 0.00222008]'
[21.3621, 93.2561, 0.00222954]'
[21.329, 93.195, 0.00223913]'
[21.2815, 93.1346, 0.00224866]'
[21.2212, 93.0769, 0.00225797]'
[21.1496, 93.0238, 0.00226692]'
[21.0689, 92.9775, 0.00227536]'
[20.9811, 92.9396, 0.00228319]'
[20.8886, 92.9119, 0.00229032]'
[20.7939, 92.8959, 0.00229665]'
[20.6993, 92.8928, 0.00230215]'
[20.6072, 92.9039, 0.00230678]'
[20.5199, 92.9297, 0.00231052]'
[20.4395, 92.9709, 0.00231339]'
[20.3679, 93.0277, 0.00231541]'
[20.3066, 93.1, 0.00231661]'
[20.2568, 93.1873, 0.00231706]'
[20.2197, 93.289, 0.00231681]'
[20.1955, 93.4041, 0.00231594]'
[20.1846, 93.5311, 0.00231453]'
[20.1868, 93.6686, 0.00231267]'
[20.2013, 93.8147, 0.00231043]'
[20.2274, 93.9673, 0.0023079]'
[20.2637, 94.1243, 0.00230517]'
[20.3088, 94.2832, 0.00230232]'
[20.3609, 94.4415, 0.00229942]'
[20.418, 94.5968, 0.00229654]'
[20.4781, 94.7466, 0.00229375]'
[20.5391, 94.8884, 0.00229111]'
[20.5989, 95.0198, 0.00228866]'
[20.6555, 95.1386, 0.00228646]'
[20.707, 95.2428, 0.00228453]'
[20.7516, 95.3307, 0.00228291]'
[20.788, 95.4006, 0.00228163]'
[20.8148, 95.4515, 0.0022807]'
[20.8368, 95.4927, 0.00227995]'
[41.25, 47, 0.00225]'
[41.2504, 47.0005, 0.00225]'
[41.2515, 47.002, 0.00225]'
[41.2534, 47.0045, 0.00225]'
[41.256, 47.0081, 0.00225]'
[41.2595, 47.0127, 0.00225]'
[41.2639, 47.0184, 0.00225]'
[41.2692, 47.0252, 0.00225]'
[41.2754, 47.0331, 0.00225]'
[41.2826, 47.0422, 0.00225]'
[41.2909, 47.0524, 0.00225]'
[41.3003, 47.0638, 0.00225]'
[41.3108, 47.0765, 0.00225]'
[41.3225, 47.0904, 0.00225]'
[41.3354, 47.1055, 0.00225]'
[41.3494, 47.1219, 0.00225]'
[41.3647, 47.1396, 0.00225]'
[41.3811, 47.1584, 0.00225]'
[41.3986, 47.1785, 0.00225]'
[41.4172, 47.1998, 0.00225]'
[41.4368, 47.2222, 0.00225]'
[41.4574, 47.2457, 0.00225]'
[41.4789, 47.2703, 0.00225]'
[41.5012, 47.2959, 0.00225]'
[41.5242, 47.3225, 0.00225]'
[41.5479, 47.35, 0.00225]'
[41.5721, 47.3784, 0.00225]'
[41.5967, 47.4075, 0.00225]'
[41.6218, 47.4374, 0.00225]'
[41.6473, 47.4681, 0.00225]'
[41.6731, 47.4994, 0.00225]'
[41.6992, 47.5314, 0.00225]'
[41.7257, 47.5641, 0.00225]'
[41.7524, 47.5974, 0.00225]'
[41.7795, 47.6313, 0.00225]'
[41.807, 47.666, 0.00225]'
[41.835, 47.7013, 0.00225]'
[41.8635, 47.7374, 0.00225]'
[41.8927, 47.7743, 0.00225]'
[41.9226, 47.812, 0.00225]'
[41.9534, 47.8507, 0.00225]'
[41.9852, 47.8904, 0.00225]'
[42.0181, 47.9311, 0.00225]'
[42.0521, 47.973, 0.00225]'
[42.0874, 48.016, 0.00225]'
[42.1241, 48.0604, 0.00225]'
[42.1622, 48.106, 0.00225]'
[42.2017, 48.1531, 0.00225]'
[42.2427, 48.2015, 0.00225]'
[42.2852, 48.2514, 0.00225]'
[42.3291, 48.3027, 0.00225]'
[42.3744, 48.3555, 0.00225]'
[42.4209, 48.4096, 0.00225]'
[42.4686, 48.465, 0.00225]'
[42.5173, 48.5217, 0.00225]'
[42.5669, 48.5796, 0.00225]'
[42.6172, 48.6385, 0.00225]'
[42.6681, 48.6983, 0.00225]'
[42.7193, 48.7589, 0.00225]'
[42.7706, 48.8201, 0.00225]'
[42.822, 48.8818, 0.00225]'
[42.8733, 48.9437, 0.00225]'
[42.9242, 49.0058, 0.00225]'
[42.9748, 49.0677, 0.00225]'
[43.0248, 49.1293, 0.00225]'
[43.0743, 49.1905, 0.00225]'
[43.1232, 49.251, 0.00225]'
[43.1716, 49.3107, 0.00225]'
[43.2195, 49.3695, 0.00225]'
[43.2669, 49.4272, 0.00225]'
[43.314, 49.4836, 0.00225]'
[43.3609, 49.5387, 0.00225]'
[43.4079, 49.5925, 0.00225]'
[43.4551, 49.6447, 0.00225]'
[43.5027, 49.6955, 0.00225]'
[43.5509, 49.7448, 0.00225]'
[43.6, 49.7925, 0.00225]'
[43.6502, 49.8387, 0.00225]'
[43.7016, 49.8834, 0.00225]'
[43.7545, 49.9268, 0.00225]'
[43.8089, 49.9687, 0.00225]'
[43.865, 50.0093, 0.00225]'
[43.9229, 50.0487, 0.00225]'
[43.9825, 50.087, 0.00225]'
[44.0439, 50.1242, 0.00225]'
[44.1069, 50.1604, 0.00225]'
[44.1714, 50.1956, 0.00225]'
[44.2372, 50.2301, 0.00225]'
[44.304, 50.2638, 0.00225]'
[44.3717, 50.2968, 0.00225]'
[44.4399, 50.3292, 0.00225]'
[44.5084, 50.361, 0.00225]'
[44.5766, 50.3923, 0.00225]'
[44.6444, 50.4231, 0.00225]'
[44.7115, 50.4534, 0.00225]'
[44.7775, 50.4833, 0.00225]'
[44.8422, 50.5128, 0.00225]'
[44.9054, 50.542, 0.00225]'
[44.9671, 50.5708, 0.00225]'
[45.0272, 50.5994, 0.00225]'
[45.0858, 50.6277, 0.00225]'
[45.1431, 50.6559, 0.00225]'
[45.1994, 50.684, 0.00225]'
[45.2551, 50.7122, 0.00225]'
[45.3108, 50.7405, 0.00225]'
[45.3671, 50.769, 0.00225]'
[45.4249, 50.7979, 0.00225]'
[45.485, 50.8274, 0.00225]'
[45.5484, 50.8577, 0.00225]'
[45.6164, 50.8889, 0.00225]'
[45.6901, 50.9214, 0.00225]'
[45.7707, 50.9552, 0.00225]'
[45.8596, 50.9907, 0.00225]'
[45.9582, 51.0281, 0.00225]'
[46.0677, 51.0677, 0.00225]'
[46.1894, 51.1097, 0.00225]'
[46.3247, 51.1543, 0.00225]'
[46.4748, 51.2019, 0.00225]'
[46.6408, 51.2526, 0.00225]'
[46.8236, 51.3066, 0.00225]'
[47.0241, 51.3641, 0.00225]'
[47.243, 51.4252, 0.00225]'
[47.4809, 51.4902, 0.00225]'
[47.738, 51.5589, 0.00225]'
[48.0146, 51.6316, 0.00225]'
[48.3104, 51.7082, 0.00225]'
[48.6254, 51.7886, 0.00225]'
[48.9588, 51.8728, 0.00225]'
[49.3102, 51.9606, 0.00225]'
[49.6785, 52.0519, 0.00225]'
[50.0626, 52.1465, 0.00225]'
[50.4614, 52.244, 0.00225]'
[50.8735, 52.3443, 0.00225]'
[51.2972, 52.447, 0.00225]'
[51.731, 52.5518, 0.00225]'
[52.1732, 52.6582, 0.00225]'
[52.6219, 52.7661, 0.00225]'
[53.0754, 52.8749, 0.00225]'
[53.5319, 52.9842, 0.00225]'
[53.9896, 53.0938, 0.00225]'
[54.4467, 53.2032, 0.00225]'
[54.9017, 53.312, 0.00225]'
[55.353, 53.42, 0.00225]'
[55.7992, 53.5268, 0.00225]'
[56.2389, 53.6321, 0.00225]'
[56.6711, 53.7356, 0.00225]'
[57.0948, 53.8372, 0.00225]'
[57.5092, 53.9366, 0.00225]'
[57.9135, 54.0337, 0.00225]'
[58.3075, 54.1285, 0.00225]'
[58.6906, 54.2207, 0.00225]'
[59.0629, 54.3104, 0.00225]'
[59.4243, 54.3975, 0.00225]'
[59.7749, 54.4822, 0.00225]'
[60.115, 54.5644, 0.00225]'
[60.4449, 54.6441, 0.00225]'
[60.7652, 54.7216, 0.00225]'
[61.0761, 54.7969, 0.00225]'
[61.3784, 54.8701, 0.00225]'
[61.6726, 54.9414, 0.00225]'
[61.9592, 55.0108, 0.00225]'
[62.2388, 55.0786, 0.00225]'
[62.5118, 55.1447, 0.00225]'
[62.7789, 55.2094, 0.00225]'
[63.0403, 55.2727, 0.00225]'
[63.2965, 55.3348, 0.00225]'
[63.5477, 55.3955, 0.00225]'
[63.7941, 55.4551, 0.00225]'
[64.0358, 55.5136, 0.00225]'
[64.2729, 55.5708, 0.00225]'
[64.5052, 55.6269, 0.00225]'
[64.7326, 55.6818, 0.00225]'
[64.955, 55.7355, 0.00225]'
[65.1721, 55.7879, 0.00225]'
[65.3836, 55.8389, 0.00225]'
[65.5892, 55.8884, 0.00225]'
[65.7884, 55.9364, 0.00225]'
[65.9809, 55.9828, 0.00225]'
[66.1664, 56.0275, 0.00225]'
[66.3445, 56.0704, 0.00225]'
[66.5148, 56.1114, 0.00225]'
[66.677, 56.1505, 0.00225]'
[66.8308, 56.1876, 0.00225]'
[66.976, 56.2226, 0.00225]'
[67.1125, 56.2555, 0.00225]'
[67.2401, 56.2863, 0.00225]'
[67.3587, 56.3149, 0.00225]'
[67.4684, 56.3413, 0.00225]'
[67.569, 56.3656, 0.00225]'
[67.6608, 56.3878, 0.00225]'
[67.7437, 56.4078, 0.00225]'
[67.818, 56.4258, 0.00225]'
[67.8839, 56.4417, 0.00225]'
[67.9414, 56.4556, 0.00225]'
[67.9908, 56.4675, 0.00225]'
[68.0322, 56.4775, 0.00225]'
[68.0658, 56.4857, 0.00225]'
[68.0918, 56.492, 0.00225]'
[68.1103, 56.4964, 0.00225]'
[68.125, 56.5, 0.00225]'
[42.4738, 55.9831, 0.00147694]'
[42.4893, 55.9645, 0.00147393]'
[42.5352, 55.9093, 0.00146496]'
[42.6104, 55.8193, 0.00145025]'
[42.7129, 55.6976, 0.00143014]'
[42.8401, 55.5482, 0.00140512]'
[42.9887, 55.3761, 0.00137579]'
[43.1548, 55.1871, 0.00134283]'
[43.3341, 54.9875, 0.00130705]'
[43.5222, 54.7841, 0.0012693]'
[43.7143, 54.5837, 0.00123048]'
[43.9055, 54.3933, 0.00119154]'
[44.0912, 54.2192, 0.00115343]'
[44.2669, 54.0678, 0.00111708]'
[44.4285, 53.9441, 0.0010834]'
[44.5722, 53.8528, 0.00105323]'
[44.695, 53.7972, 0.00102736]'
[44.7943, 53.7797, 0.00100648]'
[44.8685, 53.8012, 0.000991176]'
[44.9163, 53.8616, 0.000981935]'
[44.9377, 53.9593, 0.000979108]'
[44.9331, 54.0916, 0.000982921]'
[44.9038, 54.2546, 0.000993469]'
[44.8517, 54.4434, 0.00101071]'
[44.7794, 54.6521, 0.00103449]'
[44.6901, 54.8743, 0.00106451]'
[44.5873, 55.1031, 0.00110036]'
[44.4749, 55.3312, 0.00114154]'
[44.357, 55.5514, 0.00118744]'
[44.2379, 55.7571, 0.0012374]'
[44.1216, 55.9418, 0.00129067]'
[44.0121, 56.1, 0.00134648]'
[43.9129, 56.2272, 0.00140402]'
[43.8273, 56.3202, 0.00146249]'
[43.7579, 56.3772, 0.00152109]'
[43.7067, 56.3979, 0.00157905]'
[43.6749, 56.3836, 0.00163564]'
[43.6631, 56.3375, 0.00169018]'
[43.6711, 56.2643, 0.00174208]'
[43.6978, 56.1706, 0.00179082]'
[43.7413, 56.0642, 0.00183596]'
[43.7992, 55.9548, 0.00187716]'
[43.8682, 55.8531, 0.00191419]'
[43.9445, 55.7708, 0.00194689]'
[44.0238, 55.7203, 0.00197523]'
[44.1014, 55.7148, 0.00199924]'
[44.1723, 55.7672, 0.00201907]'
[44.2315, 55.8904, 0.00203492]'
[44.274, 56.097, 0.0020471]'
[44.2948, 56.3983, 0.00205593]'
[44.2895, 56.8048, 0.00206183]'
[44.2538, 57.3254, 0.00206523]'
[44.1841, 57.9671, 0.00206658]'
[44.0775, 58.7351, 0.00206637]'
[43.9318, 59.6323, 0.00206506]'
[43.7455, 60.6593, 0.00206313]'
[43.5181, 61.8143, 0.00206102]'
[43.25, 63.0931, 0.00205915]'
[42.9424, 64.4889, 0.0020579]'
[42.5973, 65.9926, 0.00205761]'
[42.2178, 67.5928, 0.00205856]'
[41.8075, 69.2764, 0.00206098]'
[41.3707, 71.028, 0.00206506]'
[40.9125, 72.831, 0.00207091]'
[40.4381, 74.6675, 0.00207862]'
[39.9534, 76.5188, 0.00208819]'
[39.4644, 78.3658, 0.0020996]'
[38.977, 80.189, 0.00211277]'
[38.4971, 81.9695, 0.00212759]'
[38.0306, 83.6891, 0.00214392]'
[37.5828, 85.3306, 0.00216157]'
[37.1588, 86.8781, 0.00218036]'
[36.7628, 88.3175, 0.00220007]'
[36.3988, 89.6369, 0.00222049]'
[36.0697, 90.8264, 0.00224139]'
[35.7778, 91.8787, 0.00226256]'
[35.5248, 92.7888, 0.00228379]'
[35.3113, 93.5547, 0.00230486]'
[35.1373, 94.1768, 0.00232559]'
[35.0019, 94.6581, 0.00234581]'
[34.9037, 95.0041, 0.00236534]'
[34.8406, 95.2228, 0.00238406]'
[34.81, 95.3241, 0.00240183]'
[34.8087, 95.3199, 0.00241853]'
[34.8333, 95.2236, 0.00243408]'
[34.8802, 95.0499, 0.00244839]'
[34.9457, 94.8146, 0.00246139]'
[35.0261, 94.5337, 0.00247301]'
[35.1176, 94.2238, 0.00248321]'
[35.2169, 93.9011, 0.00249193]'
[35.321, 93.5814, 0.00249915]'
[35.4271, 93.2796, 0.00250482]'
[35.533, 93.0095, 0.00250892]'
[35.637, 92.7835, 0.00251142]'
[35.7378, 92.6125, 0.00251231]'
[35.8349, 92.5055, 0.00251158]'
[35.9281, 92.4695, 0.00250923]'
[36.0178, 92.5095, 0.00250527]'
[36.1051, 92.6285, 0.00249973]'
[36.1911, 92.8274, 0.00249264]'
[36.2776, 93.1051, 0.00248408]'
[36.3666, 93.4585, 0.00247411]'
[36.4603, 93.8829, 0.00246284]'
[36.5609, 94.3719, 0.00245041]'
[36.6709, 94.9178, 0.00243695]'
[36.7924, 95.5118, 0.00242266]'
[36.9276, 96.1441, 0.00240774]'
[37.0782, 96.8044, 0.00239242]'
[37.2459, 97.4819, 0.00237696]'
[37.4318, 98.166, 0.00236162]'
[37.6367, 98.8459, 0.00234671]'
[37.8608, 99.5114, 0.00233251]'
[38.104, 100.153, 0.00231935]'
[38.3658, 100.762, 0.00230752]'
[38.6449, 101.331, 0.00229732]'
[38.9399, 101.852, 0.00228906]'
[39.2489, 102.321, 0.00228298]'
[39.5698, 102.733, 0.00227933]'
[39.9002, 103.086, 0.0022783]'
[40.2373, 103.377, 0.00228006]'
[40.5787, 103.607, 0.00228472]'
[40.9216, 103.777, 0.00229232]'
[41.2635, 103.888, 0.00230287]'
[41.6019, 103.944, 0.00231629]'
[41.9348, 103.947, 0.00233247]'
[42.2604, 103.903, 0.00235121]'
[42.5773, 103.817, 0.00237226]'
[42.8846, 103.694, 0.00239531]'
[43.1819, 103.539, 0.00241999]'
[43.4694, 103.358, 0.00244589]'
[43.7475, 103.157, 0.00247256]'
[44.0174, 102.94, 0.00249952]'
[44.2808, 102.712, 0.00252625]'
[44.5397, 102.478, 0.00255224]'
[44.7967, 102.242, 0.00257699]'
[45.0544, 102.007, 0.00259998]'
[45.3159, 101.775, 0.00262073]'
[45.5843, 101.548, 0.00263881]'
[45.863, 101.328, 0.00265381]'
[46.1551, 101.116, 0.0026654]'
[46.4637, 100.911, 0.0026733]'
[46.7917, 100.713, 0.00267731]'
[47.1415, 100.522, 0.00267729]'
[47.5153, 100.335, 0.00267322]'
[47.9147, 100.153, 0.00266512]'
[48.3408, 99.9738, 0.00265313]'
[48.7942, 99.7952, 0.00263745]'
[49.2747, 99.616, 0.00261836]'
[49.7817, 99.4348, 0.00259621]'
[50.3137, 99.2504, 0.00257142]'
[50.8689, 99.0616, 0.00254447]'
[51.4448, 98.8677, 0.00251585]'
[52.0383, 98.6683, 0.00248612]'
[52.6459, 98.4632, 0.00245581]'
[53.2639, 98.2527, 0.0024255]'
[53.888, 98.0371, 0.00239573]'
[54.5139, 97.8175, 0.00236702]'
[55.1373, 97.5947, 0.00233985]'
[55.7537, 97.3701, 0.00231466]'
[56.3588, 97.1452, 0.00229181]'
[56.9486, 96.9216, 0.0022716]'
[57.5192, 96.7007, 0.00225426]'
[58.0671, 96.4843, 0.00223993]'
[58.5895, 96.2739, 0.00222866]'
[59.0838, 96.0709, 0.00222042]'
[59.5481, 95.8765, 0.00221508]'
[59.9811, 95.6917, 0.00221244]'
[60.3819, 95.5173, 0.00221223]'
[60.7504, 95.3538, 0.00221409]'
[61.087, 95.2014, 0.00221763]'
[61.3926, 95.06, 0.00222239]'
[61.6685, 94.9293, 0.00222789]'
[61.9166, 94.8087, 0.00223362]'
[62.1391, 94.6973, 0.00223907]'
[62.3383, 94.5941, 0.00224375]'
[62.517, 94.498, 0.00224716]'
[62.6778, 94.4077, 0.00224888]'
[62.8236, 94.3219, 0.00224852]'
[62.9571, 94.2393, 0.00224573]'
[63.0809, 94.1587, 0.00224027]'
[63.1973, 94.0789, 0.00223196]'
[63.3086, 93.999, 0.00222071]'
[63.4164, 93.9182, 0.00220651]'
[63.5223, 93.836, 0.00218944]'
[63.6273, 93.752, 0.00216969]'
[63.7321, 93.6663, 0.00214751]'
[63.8371, 93.5789, 0.00212323]'
[63.942, 93.4904, 0.00209727]'
[64.0466, 93.4014, 0.00207009]'
[64.1499, 93.3129, 0.00204221]'
[64.251, 93.226, 0.00201417]'
[64.3487, 93.1417, 0.00198655]'
[64.4416, 93.0615, 0.00195991]'
[64.5281, 92.9867, 0.00193484]'
[64.6069, 92.9186, 0.00191185]'
[64.6765, 92.8584, 0.00189147]'
[64.7354, 92.8075, 0.00187414]'
[64.7826, 92.7667, 0.00186023]'
[64.817, 92.7369, 0.00185007]'
[64.845, 92.7127, 0.0018418]'
[54, 62.625, 0.00225]'
[53.9995, 62.6272, 0.00225]'
[53.998, 62.6338, 0.00225]'
[53.9956, 62.6448, 0.00225]'
[53.9922, 62.6602, 0.00225]'
[53.9878, 62.68, 0.00225]'
[53.9825, 62.7042, 0.00225]'
[53.9762, 62.7326, 0.00225]'
[53.9689, 62.7654, 0.00225]'
[53.9608, 62.8025, 0.00225]'
[53.9517, 62.8438, 0.00225]'
[53.9416, 62.8894, 0.00225]'
[53.9307, 62.9392, 0.00225]'
[53.9188, 62.9931, 0.00225]'
[53.9061, 63.0512, 0.00225]'
[53.8924, 63.1135, 0.00225]'
[53.8779, 63.1799, 0.00225]'
[53.8624, 63.2503, 0.00225]'
[53.8461, 63.3249, 0.00225]'
[53.8289, 63.4036, 0.00225]'
[53.8108, 63.4864, 0.00225]'
[53.7918, 63.5733, 0.00225]'
[53.7718, 63.6643, 0.00225]'
[53.751, 63.7594, 0.00225]'
[53.7293, 63.8586, 0.00225]'
[53.7067, 63.9619, 0.00225]'
[53.6831, 64.0693, 0.00225]'
[53.6586, 64.1808, 0.00225]'
[53.6332, 64.2965, 0.00225]'
[53.6069, 64.4163, 0.00225]'
[53.5797, 64.5402, 0.00225]'
[53.5515, 64.6682, 0.00225]'
[53.5224, 64.8002, 0.00225]'
[53.4924, 64.9363, 0.00225]'
[53.4614, 65.0763, 0.00225]'
[53.4296, 65.2203, 0.00225]'
[53.397, 65.3682, 0.00225]'
[53.3634, 65.5199, 0.00225]'
[53.329, 65.6753, 0.00225]'
[53.2939, 65.8343, 0.00225]'
[53.2579, 65.997, 0.00225]'
[53.2212, 66.1631, 0.00225]'
[53.1837, 66.3325, 0.00225]'
[53.1456, 66.5053, 0.00225]'
[53.1068, 66.6812, 0.00225]'
[53.0673, 66.8602, 0.00225]'
[53.0272, 67.0421, 0.00225]'
[52.9866, 67.227, 0.00225]'
[52.9454, 67.4146, 0.00225]'
[52.9036, 67.605, 0.00225]'
[52.8613, 67.7981, 0.00225]'
[52.8185, 67.9937, 0.00225]'
[52.7752, 68.192, 0.00225]'
[52.7313, 68.3927, 0.00225]'
[52.687, 68.5961, 0.00225]'
[52.6421, 68.802, 0.00225]'
[52.5967, 69.0104, 0.00225]'
[52.5508, 69.2215, 0.00225]'
[52.5043, 69.4352, 0.00225]'
[52.4571, 69.6517, 0.00225]'
[52.4094, 69.8709, 0.00225]'
[52.3609, 70.093, 0.00225]'
[52.3118, 70.318, 0.00225]'
[52.262, 70.546, 0.00225]'
[52.2114, 70.777, 0.00225]'
[52.16, 71.0112, 0.00225]'
[52.1078, 71.2486, 0.00225]'
[52.0547, 71.4892, 0.00225]'
[52.0008, 71.733, 0.00225]'
[51.9461, 71.98, 0.00225]'
[51.8905, 72.2303, 0.00225]'
[51.8341, 72.4837, 0.00225]'
[51.7768, 72.74, 0.00225]'
[51.7188, 72.9993, 0.00225]'
[51.6601, 73.2613, 0.00225]'
[51.6008, 73.5257, 0.00225]'
[51.5409, 73.7924, 0.00225]'
[51.4806, 74.0609, 0.00225]'
[51.4199, 74.331, 0.00225]'
[51.359, 74.6023, 0.00225]'
[51.298, 74.8744, 0.00225]'
[51.237, 75.1467, 0.00225]'
[51.1764, 75.4187, 0.00225]'
[51.1161, 75.6901, 0.00225]'
[51.0564, 75.96, 0.00225]'
[50.9976, 76.2281, 0.00225]'
[50.9397, 76.4938, 0.00225]'
[50.883, 76.7563, 0.00225]'
[50.8277, 77.0151, 0.00225]'
[50.774, 77.2697, 0.00225]'
[50.722, 77.5194, 0.00225]'
[50.672, 77.7637, 0.00225]'
[50.6242, 78.002, 0.00225]'
[50.5786, 78.2338, 0.00225]'
[50.5355, 78.4587, 0.00225]'
[50.4951, 78.6762, 0.00225]'
[50.4573, 78.886, 0.00225]'
[50.4224, 79.0877, 0.00225]'
[50.3903, 79.281, 0.00225]'
[50.3613, 79.4659, 0.00225]'
[50.3352, 79.642, 0.00225]'
[50.3122, 79.8095, 0.00225]'
[50.2922, 79.9681, 0.00225]'
[50.2752, 80.1181, 0.00225]'
[50.2611, 80.2595, 0.00225]'
[50.2499, 80.3925, 0.00225]'
[50.2415, 80.5173, 0.00225]'
[50.2357, 80.6342, 0.00225]'
[50.2325, 80.7436, 0.00225]'
[50.2317, 80.8459, 0.00225]'
[50.2331, 80.9414, 0.00225]'
[50.2367, 81.0306, 0.00225]'
[50.2421, 81.1141, 0.00225]'
[50.2493, 81.1923, 0.00225]'
[50.258, 81.2656, 0.00225]'
[50.2681, 81.3348, 0.00225]'
[50.2793, 81.4001, 0.00225]'
[50.2915, 81.4623, 0.00225]'
[50.3045, 81.5217, 0.00225]'
[50.3182, 81.5788, 0.00225]'
[50.3323, 81.6341, 0.00225]'
[50.3467, 81.688, 0.00225]'
[50.3613, 81.7409, 0.00225]'
[50.376, 81.7932, 0.00225]'
[50.3905, 81.8451, 0.00225]'
[50.4049, 81.8969, 0.00225]'
[50.4191, 81.9489, 0.00225]'
[50.4329, 82.0012, 0.00225]'
[50.4463, 82.054, 0.00225]'
[50.4593, 82.1073, 0.00225]'
[50.4718, 82.1613, 0.00225]'
[50.4838, 82.216, 0.00225]'
[50.4953, 82.2714, 0.00225]'
[50.5064, 82.3273, 0.00225]'
[50.517, 82.3839, 0.00225]'
[50.5272, 82.4409, 0.00225]'
[50.5369, 82.4982, 0.00225]'
[50.5463, 82.5558, 0.00225]'
[50.5553, 82.6135, 0.00225]'
[50.5641, 82.6712, 0.00225]'
[50.5725, 82.7287, 0.00225]'
[50.5808, 82.7859, 0.00225]'
[50.5889, 82.8426, 0.00225]'
[50.5969, 82.8987, 0.00225]'
[50.6048, 82.9541, 0.00225]'
[50.6126, 83.0087, 0.00225]'
[50.6204, 83.0623, 0.00225]'
[50.6282, 83.1149, 0.00225]'
[50.636, 83.1664, 0.00225]'
[50.6438, 83.2168, 0.00225]'
[50.6516, 83.266, 0.00225]'
[50.6594, 83.314, 0.00225]'
[50.6673, 83.3608, 0.00225]'
[50.6752, 83.4064, 0.00225]'
[50.6831, 83.4508, 0.00225]'
[50.691, 83.4941, 0.00225]'
[50.6989, 83.5362, 0.00225]'
[50.7067, 83.5772, 0.00225]'
[50.7145, 83.6172, 0.00225]'
[50.7222, 83.6562, 0.00225]'
[50.7297, 83.6942, 0.00225]'
[50.7371, 83.7314, 0.00225]'
[50.7444, 83.7677, 0.00225]'
[50.7515, 83.8032, 0.00225]'
[50.7584, 83.8379, 0.00225]'
[50.7651, 83.8718, 0.00225]'
[50.7716, 83.9051, 0.00225]'
[50.7779, 83.9376, 0.00225]'
[50.7839, 83.9694, 0.00225]'
[50.7897, 84.0005, 0.00225]'
[50.7953, 84.031, 0.00225]'
[50.8006, 84.0607, 0.00225]'
[50.8057, 84.0896, 0.00225]'
[50.8105, 84.1178, 0.00225]'
[50.8151, 84.1452, 0.00225]'
[50.8196, 84.1717, 0.00225]'
[50.8238, 84.1974, 0.00225]'
[50.8278, 84.2222, 0.00225]'
[50.8316, 84.246, 0.00225]'
[50.8352, 84.2689, 0.00225]'
[50.8387, 84.2908, 0.00225]'
[50.842, 84.3116, 0.00225]'
[50.8452, 84.3314, 0.00225]'
[50.8482, 84.35, 0.00225]'
[50.851, 84.3676, 0.00225]'
[50.8538, 84.3841, 0.00225]'
[50.8563, 84.3994, 0.00225]'
[50.8588, 84.4136, 0.00225]'
[50.861, 84.4267, 0.00225]'
[50.8632, 84.4387, 0.00225]'
[50.8651, 84.4495, 0.00225]'
[50.8669, 84.4593, 0.00225]'
[50.8686, 84.4679, 0.00225]'
[50.8701, 84.4755, 0.00225]'
[50.8713, 84.4821, 0.00225]'
[50.8724, 84.4876, 0.00225]'
[50.8734, 84.4921, 0.00225]'
[50.8741, 84.4956, 0.00225]'
[50.8746, 84.498, 0.00225]'
[50.875, 84.5, 0.00225]'
[66.625, 58.5, 0.00225]'
[66.6246, 58.5013, 0.00225]'
[66.6236, 58.505, 0.00225]'
[66.6218, 58.5112, 0.00225]'
[66.6194, 58.5198, 0.00225]'
[66.6163, 58.5304, 0.00225]'
[66.6126, 58.5431, 0.00225]'
[66.6083, 58.5574, 0.00225]'
[66.6034, 58.5732, 0.00225]'
[66.5979, 58.5903, 0.00225]'
[66.5919, 58.6084, 0.00225]'
[66.5855, 58.6272, 0.00225]'
[66.5786, 58.6466, 0.00225]'
[66.5712, 58.6664, 0.00225]'
[66.5634, 58.6866, 0.00225]'
[66.5552, 58.7069, 0.00225]'
[66.5466, 58.7275, 0.00225]'
[66.5375, 58.7483, 0.00225]'
[66.528, 58.7695, 0.00225]'
[66.5181, 58.7913, 0.00225]'
[66.5077, 58.8139, 0.00225]'
[66.4968, 58.8376, 0.00225]'
[66.4853, 58.8627, 0.00225]'
[66.4732, 58.8895, 0.00225]'
[66.4605, 58.9186, 0.00225]'
[66.4471, 58.9501, 0.00225]'
[66.433, 58.9847, 0.00225]'
[66.4181, 59.0225, 0.00225]'
[66.4025, 59.064, 0.00225]'
[66.3859, 59.1094, 0.00225]'
[66.3686, 59.1589, 0.00225]'
[66.3503, 59.2126, 0.00225]'
[66.3312, 59.2707, 0.00225]'
[66.3112, 59.333, 0.00225]'
[66.2904, 59.3995, 0.00225]'
[66.2688, 59.4699, 0.00225]'
[66.2464, 59.5439, 0.00225]'
[66.2233, 59.6209, 0.00225]'
[66.1995, 59.7006, 0.00225]'
[66.1752, 59.7822, 0.00225]'
[66.1504, 59.8652, 0.00225]'
[66.1251, 59.9488, 0.00225]'
[66.0996, 60.0323, 0.00225]'
[66.0739, 60.1149, 0.00225]'
[66.048, 60.1959, 0.00225]'
[66.0221, 60.2746, 0.00225]'
[65.9963, 60.3503, 0.00225]'
[65.9706, 60.4225, 0.00225]'
[65.9451, 60.4907, 0.00225]'
[65.9198, 60.5546, 0.00225]'
[65.8947, 60.6139, 0.00225]'
[65.8699, 60.6687, 0.00225]'
[65.8454, 60.7191, 0.00225]'
[65.821, 60.7653, 0.00225]'
[65.7969, 60.8078, 0.00225]'
[65.7728, 60.8473, 0.00225]'
[65.7487, 60.8846, 0.00225]'
[65.7245, 60.9208, 0.00225]'
[65.7, 60.9569, 0.00225]'
[65.6752, 60.9942, 0.00225]'
[65.6498, 61.0343, 0.00225]'
[65.6236, 61.0785, 0.00225]'
[65.5965, 61.1285, 0.00225]'
[65.5683, 61.1859, 0.00225]'
[65.5388, 61.2525, 0.00225]'
[65.5078, 61.3297, 0.00225]'
[65.4751, 61.4192, 0.00225]'
[65.4406, 61.5226, 0.00225]'
[65.4041, 61.6414, 0.00225]'
[65.3654, 61.7767, 0.00225]'
[65.3244, 61.9299, 0.00225]'
[65.281, 62.102, 0.00225]'
[65.2351, 62.2937, 0.00225]'
[65.1866, 62.5059, 0.00225]'
[65.1355, 62.7389, 0.00225]'
[65.0818, 62.993, 0.00225]'
[65.0254, 63.2683, 0.00225]'
[64.9665, 63.5648, 0.00225]'
[64.9049, 63.882, 0.00225]'
[64.8409, 64.2196, 0.00225]'
[64.7744, 64.5769, 0.00225]'
[64.7056, 64.9531, 0.00225]'
[64.6346, 65.3474, 0.00225]'
[64.5615, 65.7588, 0.00225]'
[64.4865, 66.1861, 0.00225]'
[64.4096, 66.6283, 0.00225]'
[64.331, 67.0842, 0.00225]'
[64.2509, 67.5527, 0.00225]'
[64.1694, 68.0326, 0.00225]'
[64.0866, 68.5226, 0.00225]'
[64.0027, 69.0218, 0.00225]'
[63.9178, 69.5291, 0.00225]'
[63.8319, 70.0434, 0.00225]'
[63.7454, 70.5638, 0.00225]'
[63.6581, 71.0894, 0.00225]'
[63.5703, 71.6194, 0.00225]'
[63.482, 72.153, 0.00225]'
[63.3933, 72.6895, 0.00225]'
[63.3043, 73.2281, 0.00225]'
[63.2151, 73.7682, 0.00225]'
[63.1258, 74.3092, 0.00225]'
[63.0364, 74.8503, 0.00225]'
[62.9471, 75.391, 0.00225]'
[62.8579, 75.9305, 0.00225]'
[62.7689, 76.468, 0.00225]'
[62.6804, 77.0028, 0.00225]'
[62.5923, 77.5339, 0.00225]'
[62.5048, 78.0605, 0.00225]'
[62.4181, 78.5816, 0.00225]'
[62.3322, 79.0959, 0.00225]'
[62.2475, 79.6024, 0.00225]'
[62.164, 80.0999, 0.00225]'
[62.0819, 80.5869, 0.00225]'
[62.0014, 81.0623, 0.00225]'
[61.9227, 81.5245, 0.00225]'
[61.846, 81.9722, 0.00225]'
[61.7714, 82.4041, 0.00225]'
[61.6993, 82.8188, 0.00225]'
[61.6296, 83.2149, 0.00225]'
[61.5627, 83.5913, 0.00225]'
[61.4986, 83.9469, 0.00225]'
[61.4374, 84.2807, 0.00225]'
[61.3794, 84.5919, 0.00225]'
[61.3245, 84.8798, 0.00225]'
[61.2729, 85.1439, 0.00225]'
[61.2246, 85.384, 0.00225]'
[61.1795, 85.6, 0.00225]'
[61.1377, 85.7921, 0.00225]'
[61.0991, 85.9608, 0.00225]'
[61.0637, 86.1067, 0.00225]'
[61.0312, 86.2306, 0.00225]'
[61.0016, 86.3335, 0.00225]'
[60.9748, 86.4168, 0.00225]'
[60.9504, 86.4818, 0.00225]'
[60.9284, 86.5302, 0.00225]'
[60.9085, 86.5635, 0.00225]'
[60.8905, 86.5837, 0.00225]'
[60.8741, 86.5926, 0.00225]'
[60.8591, 86.592, 0.00225]'
[60.8452, 86.5839, 0.00225]'
[60.8322, 86.5702, 0.00225]'
[60.8199, 86.5526, 0.00225]'
[60.808, 86.5328, 0.00225]'
[60.7963, 86.5125, 0.00225]'
[60.7848, 86.4931, 0.00225]'
[60.7731, 86.4758, 0.00225]'
[60.7612, 86.4619, 0.00225]'
[60.7489, 86.4522, 0.00225]'
[60.7361, 86.4474, 0.00225]'
[60.7228, 86.4481, 0.00225]'
[60.709, 86.4547, 0.00225]'
[60.6946, 86.4671, 0.00225]'
[60.6797, 86.4854, 0.00225]'
[60.6642, 86.5094, 0.00225]'
[60.6482, 86.5387, 0.00225]'
[60.6319, 86.5727, 0.00225]'
[60.6152, 86.6109, 0.00225]'
[60.5983, 86.6525, 0.00225]'
[60.5813, 86.6968, 0.00225]'
[60.5642, 86.7429, 0.00225]'
[60.5473, 86.7901, 0.00225]'
[60.5306, 86.8376, 0.00225]'
[60.5141, 86.8845, 0.00225]'
[60.4981, 86.9302, 0.00225]'
[60.4825, 86.974, 0.00225]'
[60.4675, 87.0153, 0.00225]'
[60.4532, 87.0537, 0.00225]'
[60.4395, 87.0889, 0.00225]'
[60.4265, 87.1205, 0.00225]'
[60.4142, 87.1485, 0.00225]'
[60.4026, 87.1728, 0.00225]'
[60.3918, 87.1935, 0.00225]'
[60.3817, 87.2107, 0.00225]'
[60.3723, 87.2248, 0.00225]'
[60.3634, 87.2359, 0.00225]'
[60.3552, 87.2446, 0.00225]'
[60.3475, 87.2511, 0.00225]'
[60.3403, 87.2559, 0.00225]'
[60.3336, 87.2594, 0.00225]'
[60.3272, 87.2622, 0.00225]'
[60.3211, 87.2645, 0.00225]'
[60.3153, 87.2667, 0.00225]'
[60.3098, 87.2691, 0.00225]'
[60.3044, 87.2721, 0.00225]'
[60.2993, 87.2758, 0.00225]'
[60.2943, 87.2803, 0.00225]'
[60.2895, 87.2857, 0.00225]'
[60.2848, 87.292, 0.00225]'
[60.2804, 87.2991, 0.00225]'
[60.2761, 87.3069, 0.00225]'
[60.272, 87.3153, 0.00225]'
[60.2682, 87.3239, 0.00225]'
[60.2646, 87.3326, 0.00225]'
[60.2614, 87.3411, 0.00225]'
[60.2585, 87.3491, 0.00225]'
[60.256, 87.3565, 0.00225]'
[60.2539, 87.3628, 0.00225]'
[60.2522, 87.368, 0.00225]'
[60.251, 87.3718, 0.00225]'
[60.25, 87.375, 0.00225]'
[6.5, 67.5, 0.00225]'
[6.49821, 67.5012, 0.00225]'
[6.49297, 67.505, 0.00225]'
[6.48476, 67.5112, 0.00225]'
[6.47429, 67.5199, 0.00225]'
[6.46255, 67.531, 0.00225]'
[6.45072, 67.5444, 0.00225]'
[6.44013, 67.5602, 0.00225]'
[6.43222, 67.5782, 0.00225]'
[6.42844, 67.5985, 0.00225]'
[6.4302, 67.6209, 0.00225]'
[6.43882, 67.6453, 0.00225]'
[6.45543, 67.6719, 0.00225]'
[6.48094, 67.7004, 0.00225]'
[6.51597, 67.7309, 0.00225]'
[6.56081, 67.7634, 0.00225]'
[6.61542, 67.7978, 0.00225]'
[6.67935, 67.8342, 0.00225]'
[6.75182, 67.8726, 0.00225]'
[6.83165, 67.9129, 0.00225]'
[6.91736, 67.9553, 0.00225]'
[7.00715, 67.9998, 0.00225]'
[7.099, 68.0464, 0.00225]'
[7.19072, 68.0953, 0.00225]'
[7.28002, 68.1464, 0.00225]'
[7.36459, 68.1999, 0.00225]'
[7.4422, 68.2559, 0.00225]'
[7.5108, 68.3144, 0.00225]'
[7.56857, 68.3754, 0.00225]'
[7.61401, 68.439, 0.00225]'
[7.64605, 68.5053, 0.00225]'
[7.66406, 68.5742, 0.00225]'
[7.66793, 68.6458, 0.00225]'
[7.6581, 68.72, 0.00225]'
[7.63557, 68.7968, 0.00225]'
[7.60187, 68.8762, 0.00225]'
[7.5591, 68.9579, 0.00225]'
[7.5098, 69.042, 0.00225]'
[7.45696, 69.1284, 0.00225]'
[7.40392, 69.2167, 0.00225]'
[7.35426, 69.307, 0.00225]'
[7.3117, 69.3991, 0.00225]'
[7.27998, 69.4927, 0.00225]'
[7.26275, 69.5877, 0.00225]'
[7.26342, 69.6839, 0.00225]'
[7.28506, 69.7811, 0.00225]'
[7.33028, 69.8792, 0.00225]'
[7.40107, 69.978, 0.00225]'
[7.4988, 70.0773, 0.00225]'
[7.62405, 70.1771, 0.00225]'
[7.7766, 70.2773, 0.00225]'
[7.95541, 70.3778, 0.00225]'
[8.15857, 70.4784, 0.00225]'
[8.38337, 70.5793, 0.00225]'
[8.6263, 70.6804, 0.00225]'
[8.88317, 70.7818, 0.00225]'
[9.1492, 70.8834, 0.00225]'
[9.41912, 70.9854, 0.00225]'
[9.68738, 71.0878, 0.00225]'
[9.94827, 71.1908, 0.00225]'
[10.1961, 71.2943, 0.00225]'
[10.4255, 71.3987, 0.00225]'
[10.6314, 71.5038, 0.00225]'
[10.8095, 71.6099, 0.00225]'
[10.9562, 71.717, 0.00225]'
[11.069, 71.8251, 0.00225]'
[11.1467, 71.9343, 0.00225]'
[11.1891, 72.0446, 0.00225]'
[11.1978, 72.1559, 0.00225]'
[11.1755, 72.2681, 0.00225]'
[11.1268, 72.3812, 0.00225]'
[11.0576, 72.4948, 0.00225]'
[10.9757, 72.609, 0.00225]'
[10.89, 72.7232, 0.00225]'
[10.8108, 72.8374, 0.00225]'
[10.7499, 72.9511, 0.00225]'
[10.7197, 73.064, 0.00225]'
[10.7336, 73.1756, 0.00225]'
[10.8056, 73.2855, 0.00225]'
[10.9498, 73.3934, 0.00225]'
[11.1804, 73.4986, 0.00225]'
[11.5113, 73.6008, 0.00225]'
[11.9557, 73.6994, 0.00225]'
[12.5259, 73.794, 0.00225]'
[13.233, 73.8842, 0.00225]'
[14.0866, 73.9696, 0.00225]'
[15.0946, 74.0497, 0.00225]'
[16.263, 74.1242, 0.00225]'
[17.5956, 74.1929, 0.00225]'
[19.0939, 74.2554, 0.00225]'
[20.7572, 74.3115, 0.00225]'
[22.5824, 74.3612, 0.00225]'
[24.5638, 74.4043, 0.00225]'
[26.6936, 74.4408, 0.00225]'
[28.9618, 74.4707, 0.00225]'
[31.3561, 74.4941, 0.00225]'
[33.8624, 74.5111, 0.00225]'
[36.4652, 74.5218, 0.00225]'
[39.1474, 74.5266, 0.00225]'
[41.891, 74.5257, 0.00225]'
[44.677, 74.5193, 0.00225]'
[47.4863, 74.5078, 0.00225]'
[50.2996, 74.4915, 0.00225]'
[53.098, 74.4707, 0.00225]'
[55.8631, 74.4459, 0.00225]'
[58.5776, 74.4173, 0.00225]'
[61.2253, 74.3852, 0.00225]'
[63.7916, 74.3501, 0.00225]'
[66.2637, 74.3122, 0.00225]'
[68.6305, 74.2718, 0.00225]'
[70.8832, 74.2292, 0.00225]'
[73.0152, 74.1847, 0.00225]'
[75.0219, 74.1383, 0.00225]'
[76.9012, 74.0905, 0.00225]'
[78.6529, 74.0412, 0.00225]'
[80.2792, 73.9907, 0.00225]'
[81.7838, 73.9391, 0.00225]'
[83.1726, 73.8864, 0.00225]'
[84.4528, 73.8328, 0.00225]'
[85.633, 73.7784, 0.00225]'
[86.7228, 73.7232, 0.00225]'
[87.7326, 73.6674, 0.00225]'
[88.6734, 73.6109, 0.00225]'
[89.5561, 73.554, 0.00225]'
[90.3918, 73.4966, 0.00225]'
[91.1912, 73.4389, 0.00225]'
[91.9644, 73.3811, 0.00225]'
[92.7207, 73.3233, 0.00225]'
[93.4684, 73.2657, 0.00225]'
[94.2145, 73.2084, 0.00225]'
[94.9651, 73.1517, 0.00225]'
[95.7247, 73.0959, 0.00225]'
[96.4963, 73.0411, 0.00225]'
[97.2817, 72.9876, 0.00225]'
[98.0813, 72.9358, 0.00225]'
[98.8943, 72.8858, 0.00225]'
[99.7185, 72.838, 0.00225]'
[100.551, 72.7926, 0.00225]'
[101.387, 72.7498, 0.00225]'
[102.223, 72.71, 0.00225]'
[103.053, 72.6732, 0.00225]'
[103.871, 72.6398, 0.00225]'
[104.673, 72.6099, 0.00225]'
[105.451, 72.5835, 0.00225]'
[106.201, 72.5608, 0.00225]'
[106.918, 72.5417, 0.00225]'
[107.597, 72.5264, 0.00225]'
[108.235, 72.5146, 0.00225]'
[108.829, 72.5064, 0.00225]'
[109.376, 72.5016, 0.00225]'
[109.876, 72.4999, 0.00225]'
[110.328, 72.5013, 0.00225]'
[110.733, 72.5054, 0.00225]'
[111.094, 72.5119, 0.00225]'
[111.411, 72.5206, 0.00225]'
[111.69, 72.5311, 0.00225]'
[111.932, 72.5432, 0.00225]'
[112.144, 72.5564, 0.00225]'
[112.329, 72.5704, 0.00225]'
[112.493, 72.5849, 0.00225]'
[112.64, 72.5997, 0.00225]'
[112.776, 72.6144, 0.00225]'
[112.905, 72.6287, 0.00225]'
[113.033, 72.6424, 0.00225]'
[113.162, 72.6554, 0.00225]'
[113.297, 72.6674, 0.00225]'
[113.44, 72.6784, 0.00225]'
[113.594, 72.6882, 0.00225]'
[113.761, 72.6968, 0.00225]'
[113.941, 72.7041, 0.00225]'
[114.134, 72.7102, 0.00225]'
[114.34, 72.7152, 0.00225]'
[114.558, 72.7191, 0.00225]'
[114.786, 72.722, 0.00225]'
[115.022, 72.724, 0.00225]'
[115.264, 72.7252, 0.00225]'
[115.509, 72.7259, 0.00225]'
[115.754, 72.726, 0.00225]'
[115.996, 72.7259, 0.00225]'
[116.233, 72.7256, 0.00225]'
[116.461, 72.7252, 0.00225]'
[116.678, 72.7248, 0.00225]'
[116.883, 72.7247, 0.00225]'
[117.072, 72.7247, 0.00225]'
[117.245, 72.7251, 0.00225]'
[117.401, 72.7257, 0.00225]'
[117.539, 72.7267, 0.00225]'
[117.659, 72.728, 0.00225]'
[117.762, 72.7297, 0.00225]'
[117.849, 72.7316, 0.00225]'
[117.92, 72.7337, 0.00225]'
[117.977, 72.736, 0.00225]'
[118.021, 72.7383, 0.00225]'
[118.055, 72.7406, 0.00225]'
[118.08, 72.7428, 0.00225]'
[118.098, 72.7448, 0.00225]'
[118.11, 72.7466, 0.00225]'
[118.117, 72.748, 0.00225]'
[118.122, 72.7491, 0.00225]'
[118.125, 72.75, 0.00225]'
[68.5206, 72.0758, 0.000988466]'
[68.5055, 72.0732, 0.000989951]'
[68.4605, 72.0652, 0.00099438]'
[68.3869, 72.0519, 0.00100168]'
[68.2868, 72.0335, 0.00101172]'
[68.1631, 72.0099, 0.00102433]'
[68.0193, 71.9815, 0.00103931]'
[67.8595, 71.9483, 0.00105641]'
[67.6883, 71.9106, 0.00107535]'
[67.5105, 71.8688, 0.00109586]'
[67.3313, 71.8231, 0.00111761]'
[67.1556, 71.774, 0.00114031]'
[66.9886, 71.7219, 0.00116366]'
[66.8349, 71.6673, 0.00118736]'
[66.699, 71.6109, 0.00121113]'
[66.5847, 71.5532, 0.00123474]'
[66.4954, 71.4949, 0.00125796]'
[66.4337, 71.4368, 0.00128062]'
[66.4014, 71.3795, 0.00130256]'
[66.3996, 71.3238, 0.0013237]'
[66.4286, 71.2704, 0.00134397]'
[66.4879, 71.2201, 0.00136334]'
[66.5762, 71.1736, 0.00138184]'
[66.6916, 71.1313, 0.0013995]'
[66.8314, 71.094, 0.00141642]'
[66.9926, 71.0619, 0.00143268]'
[67.1715, 71.0355, 0.00144841]'
[67.3644, 71.0147, 0.00146374]'
[67.5672, 70.9998, 0.0014788]'
[67.7762, 70.9903, 0.00149372]'
[67.9872, 70.986, 0.00150863]'
[68.1969, 70.9863, 0.00152363]'
[68.402, 70.9903, 0.00153881]'
[68.5998, 70.9971, 0.00155424]'
[68.7883, 71.0055, 0.00156994]'
[68.9661, 71.014, 0.00158593]'
[69.1326, 71.0211, 0.00160217]'
[69.288, 71.025, 0.00161862]'
[69.4332, 71.024, 0.00163519]'
[69.57, 71.016, 0.00165177]'
[69.7008, 70.9991, 0.00166825]'
[69.8288, 70.9711, 0.00168447]'
[69.9577, 70.9301, 0.00170028]'
[70.0916, 70.8741, 0.00171554]'
[70.2352, 70.8012, 0.0017301]'
[70.3931, 70.7096, 0.00174381]'
[70.57, 70.598, 0.00175655]'
[70.7707, 70.465, 0.00176824]'
[70.9996, 70.3095, 0.00177881]'
[71.2607, 70.1309, 0.00178821]'
[71.5574, 69.9288, 0.00179647]'
[71.8925, 69.7031, 0.00180361]'
[72.2679, 69.4543, 0.00180972]'
[72.6848, 69.1829, 0.00181491]'
[73.1433, 68.8902, 0.00181935]'
[73.6425, 68.5776, 0.00182322]'
[74.1805, 68.247, 0.00182672]'
[74.7546, 67.9003, 0.00183007]'
[75.3608, 67.5401, 0.00183353]'
[75.9946, 67.1691, 0.00183731]'
[76.6504, 66.79, 0.00184166]'
[77.3221, 66.4059, 0.00184679]'
[78.0031, 66.0199, 0.00185287]'
[78.6864, 65.6349, 0.00186006]'
[79.3648, 65.254, 0.00186845]'
[80.0311, 64.88, 0.00187811]'
[80.6782, 64.5157, 0.00188902]'
[81.2995, 64.1635, 0.00190111]'
[81.8888, 63.8254, 0.00191426]'
[82.4407, 63.5032, 0.00192827]'
[82.9505, 63.1981, 0.00194288]'
[83.4146, 62.911, 0.00195777]'
[83.8304, 62.6421, 0.00197259]'
[84.1964, 62.3912, 0.00198691]'
[84.5124, 62.1576, 0.00200029]'
[84.7792, 61.9399, 0.00201227]'
[84.9991, 61.7363, 0.00202238]'
[85.1752, 61.5446, 0.00203013]'
[85.3119, 61.3619, 0.00203509]'
[85.4145, 61.1849, 0.00203684]'
[85.4892, 61.0103, 0.00203502]'
[85.5426, 60.8341, 0.00202931]'
[85.5823, 60.6523, 0.0020195]'
[85.6157, 60.4608, 0.00200543]'
[85.6508, 60.2553, 0.00198706]'
[85.6952, 60.0316, 0.00196445]'
[85.7566, 59.7859, 0.00193776]'
[85.8418, 59.5142, 0.00190724]'
[85.9575, 59.2132, 0.00187327]'
[86.1092, 58.8799, 0.00183631]'
[86.3018, 58.5117, 0.00179693]'
[86.5389, 58.1065, 0.00175576]'
[86.8233, 57.6632, 0.00171352]'
[87.1563, 57.1809, 0.00167095]'
[87.5381, 56.6596, 0.00162886]'
[87.9679, 56.1001, 0.00158805]'
[88.4434, 55.5038, 0.00154931]'
[88.9614, 54.8728, 0.00151343]'
[89.5174, 54.21, 0.00148112]'
[90.1064, 53.5188, 0.00145305]'
[90.7223, 52.8034, 0.00142978]'
[91.3583, 52.0684, 0.00141178]'
[92.0075, 51.3188, 0.00139941]'
[92.6623, 50.5601, 0.00139288]'
[93.3154, 49.798, 0.00139227]'
[93.9592, 49.0383, 0.00139753]'
[94.5865, 48.287, 0.00140845]'
[95.1907, 47.55, 0.00142468]'
[95.7654, 46.833, 0.00144573]'
[96.3053, 46.1414, 0.001471]'
[96.8057, 45.4803, 0.00149977]'
[97.2629, 44.8543, 0.00153123]'
[97.6741, 44.2674, 0.00156447]'
[98.0375, 43.7231, 0.00159858]'
[98.3526, 43.224, 0.00163257]'
[98.6195, 42.7721, 0.00166548]'
[98.8397, 42.3685, 0.00169637]'
[99.0154, 42.0136, 0.00172433]'
[99.1495, 41.7068, 0.00174856]'
[99.246, 41.447, 0.00176832]'
[99.3091, 41.2321, 0.00178301]'
[99.3436, 41.0592, 0.00179217]'
[99.3548, 40.925, 0.00179548]'
[99.3479, 40.8254, 0.00179277]'
[99.3283, 40.7558, 0.00178407]'
[99.3013, 40.7113, 0.00176955]'
[99.2718, 40.6865, 0.00174955]'
[99.2444, 40.6759, 0.00172458]'
[99.2232, 40.6739, 0.0016953]'
[99.2119, 40.675, 0.00166247]'
[99.2134, 40.6736, 0.00162699]'
[99.2298, 40.6646, 0.00158982]'
[99.2628, 40.6431, 0.00155199]'
[99.3132, 40.6047, 0.00151458]'
[99.381, 40.5454, 0.00147862]'
[99.4658, 40.462, 0.00144517]'
[99.5662, 40.3519, 0.00141518]'
[99.6807, 40.213, 0.00138953]'
[99.8071, 40.0443, 0.00136899]'
[99.9428, 39.8454, 0.00135419]'
[100.085, 39.6165, 0.00134559]'
[100.231, 39.3588, 0.00134347]'
[100.378, 39.0741, 0.00134794]'
[100.522, 38.7647, 0.0013589]'
[100.662, 38.4338, 0.00137606]'
[100.794, 38.085, 0.00139894]'
[100.917, 37.7223, 0.00142688]'
[101.028, 37.3501, 0.00145903]'
[101.127, 36.973, 0.00149443]'
[101.213, 36.5959, 0.00153197]'
[101.285, 36.2235, 0.00157045]'
[101.343, 35.8607, 0.00160862]'
[101.389, 35.512, 0.00164516]'
[101.423, 35.1818, 0.00167881]'
[101.446, 34.8741, 0.00170831]'
[101.461, 34.5924, 0.00173249]'
[101.47, 34.3398, 0.00175028]'
[101.474, 34.1187, 0.00176077]'
[101.477, 33.931, 0.00176319]'
[101.48, 33.7778, 0.00175698]'
[101.485, 33.6597, 0.0017418]'
[101.495, 33.5764, 0.00171751]'
[101.511, 33.5272, 0.00168424]'
[101.536, 33.5105, 0.00164232]'
[101.569, 33.5244, 0.00159233]'
[101.612, 33.566, 0.00153507]'
[101.664, 33.6324, 0.00147156]'
[101.727, 33.7201, 0.00140297]'
[101.799, 33.825, 0.00133066]'
[101.879, 33.9432, 0.0012561]'
[101.967, 34.0705, 0.00118084]'
[102.059, 34.2025, 0.0011065]'
[102.154, 34.3349, 0.00103471]'
[102.251, 34.4638, 0.000967042]'
[102.345, 34.5853, 0.000905032]'
[102.437, 34.6957, 0.000850085]'
[102.521, 34.7919, 0.000803467]'
[102.598, 34.8713, 0.000766258]'
[102.664, 34.9315, 0.00073933]'
[102.717, 34.971, 0.000723319]'
[102.757, 34.9887, 0.00071861]'
[102.781, 34.9841, 0.000725318]'
[102.791, 34.9573, 0.000743289]'
[102.784, 34.909, 0.000772099]'
[102.761, 34.8405, 0.000811059]'
[102.724, 34.7535, 0.000859235]'
[102.673, 34.6503, 0.000915467]'
[102.61, 34.5336, 0.000978395]'
[102.536, 34.4063, 0.00104649]'
[102.455, 34.2717, 0.0011181]'
[102.368, 34.1331, 0.00119148]'
[102.278, 33.9942, 0.00126483]'
[102.187, 33.8584, 0.00133636]'
[102.1, 33.7292, 0.00140432]'
[102.018, 33.6098, 0.00146703]'
[101.944, 33.5032, 0.00152296]'
[101.879, 33.412, 0.00157073]'
[101.827, 33.3387, 0.00160916]'
[101.789, 33.2849, 0.00163731]'
[101.757, 33.2411, 0.00166026]'
[67.1175, 77.4956, -6.79787e-05]'
[67.1133, 77.4962, -6.31854e-05]'
[67.1007, 77.4979, -4.88942e-05]'
[67.0801, 77.5008, -2.53689e-05]'
[67.0521, 77.5048, 6.95781e-06]'
[67.0174, 77.5098, 4.74958e-05]'
[66.9769, 77.5159, 9.55117e-05]'
[66.9317, 77.523, 0.000150147]'
[66.8832, 77.531, 0.00021044]'
[66.8325, 77.54, 0.000275349]'
[66.7811, 77.55, 0.000343777]'
[66.7306, 77.561, 0.000414599]'
[66.6822, 77.5731, 0.000486688]'
[66.6374, 77.5863, 0.000558944]'
[66.5977, 77.601, 0.000630315]'
[66.5642, 77.6171, 0.000699825]'
[66.538, 77.6351, 0.000766593]'
[66.5202, 77.6551, 0.000829852]'
[66.5115, 77.6774, 0.000888963]'
[66.5125, 77.7023, 0.000943428]'
[66.5236, 77.7302, 0.000992898]'
[66.545, 77.7614, 0.00103717]'
[66.5765, 77.7962, 0.0010762]'
[66.6179, 77.8349, 0.00111008]'
[66.6687, 77.8777, 0.00113904]'
[66.7283, 77.9248, 0.00116344]'
[66.7956, 77.9763, 0.00118374]'
[66.8697, 78.0322, 0.00120049]'
[66.9494, 78.0926, 0.00121431]'
[67.0334, 78.1571, 0.00122588]'
[67.1203, 78.2256, 0.0012359]'
[67.2088, 78.2977, 0.00124506]'
[67.2975, 78.3729, 0.00125405]'
[67.3849, 78.4506, 0.00126351]'
[67.4699, 78.5301, 0.00127402]'
[67.5511, 78.6106, 0.0012861]'
[67.6277, 78.6914, 0.00130016]'
[67.6986, 78.7716, 0.00131654]'
[67.7631, 78.8502, 0.00133543]'
[67.8209, 78.9264, 0.00135695]'
[67.8715, 78.9994, 0.00138109]'
[67.915, 79.0684, 0.00140773]'
[67.9516, 79.1326, 0.00143665]'
[67.9817, 79.1916, 0.00146755]'
[68.006, 79.245, 0.00150004]'
[68.0256, 79.2924, 0.00153367]'
[68.0415, 79.334, 0.00156793]'
[68.055, 79.3698, 0.00160231]'
[68.0679, 79.4004, 0.00163625]'
[68.0816, 79.4263, 0.00166922]'
[68.098, 79.4486, 0.00170073]'
[68.119, 79.4684, 0.00173031]'
[68.1466, 79.4871, 0.00175755]'
[68.1826, 79.5063, 0.00178214]'
[68.2291, 79.5279, 0.00180381]'
[68.2879, 79.5537, 0.00182241]'
[68.3609, 79.586, 0.0018379]'
[68.4497, 79.6268, 0.0018503]'
[68.5558, 79.6785, 0.00185976]'
[68.6806, 79.7432, 0.00186652]'
[68.8253, 79.8232, 0.00187089]'
[68.9908, 79.9205, 0.00187327]'
[69.1779, 80.037, 0.00187413]'
[69.3869, 80.1746, 0.00187397]'
[69.6181, 80.3347, 0.00187333]'
[69.8716, 80.5186, 0.00187279]'
[70.1469, 80.7271, 0.00187291]'
[70.4436, 80.9608, 0.00187422]'
[70.761, 81.2199, 0.00187724]'
[71.098, 81.5043, 0.00188243]'
[71.4536, 81.8135, 0.00189019]'
[71.8264, 82.1465, 0.00190085]'
[72.2149, 82.5021, 0.00191465]'
[72.6177, 82.8788, 0.00193173]'
[73.0329, 83.2745, 0.00195216]'
[73.4588, 83.6873, 0.0019759]'
[73.8938, 84.1147, 0.00200282]'
[74.3359, 84.5543, 0.0020327]'
[74.7835, 85.0034, 0.00206524]'
[75.2348, 85.4594, 0.00210008]'
[75.6882, 85.9197, 0.00213681]'
[76.1422, 86.3816, 0.00217495]'
[76.5953, 86.8428, 0.00221401]'
[77.0462, 87.3009, 0.00225349]'
[77.4939, 87.7541, 0.0022929]'
[77.9373, 88.2005, 0.00233174]'
[78.3756, 88.6388, 0.00236957]'
[78.8082, 89.0679, 0.00240599]'
[79.2346, 89.4871, 0.00244066]'
[79.6546, 89.8961, 0.00247331]'
[80.0679, 90.2949, 0.00250373]'
[80.4747, 90.6839, 0.0025318]'
[80.8752, 91.0639, 0.00255748]'
[81.2696, 91.4359, 0.00258081]'
[81.6585, 91.8013, 0.00260189]'
[82.0424, 92.1615, 0.00262091]'
[82.422, 92.5181, 0.00263809]'
[82.7979, 92.8731, 0.00265371]'
[83.171, 93.2281, 0.00266809]'
[83.5421, 93.585, 0.00268156]'
[83.912, 93.9454, 0.00269444]'
[84.2815, 94.3109, 0.00270708]'
[84.6514, 94.6827, 0.00271977]'
[85.0224, 95.0619, 0.00273277]'
[85.3953, 95.4492, 0.00274629]'
[85.7706, 95.8449, 0.00276048]'
[86.1489, 96.249, 0.00277543]'
[86.5304, 96.6611, 0.00279115]'
[86.9155, 97.0803, 0.00280757]'
[87.3044, 97.5054, 0.00282454]'
[87.6969, 97.9348, 0.00284186]'
[88.0931, 98.3665, 0.00285923]'
[88.4926, 98.7981, 0.00287633]'
[88.8949, 99.2273, 0.00289277]'
[89.2996, 99.6511, 0.00290813]'
[89.7059, 100.067, 0.002922]'
[90.1129, 100.471, 0.00293395]'
[90.5198, 100.861, 0.00294356]'
[90.9254, 101.235, 0.00295047]'
[91.3287, 101.588, 0.00295438]'
[91.7282, 101.92, 0.00295502]'
[92.1228, 102.227, 0.00295226]'
[92.5111, 102.508, 0.00294602]'
[92.8916, 102.762, 0.00293636]'
[93.2631, 102.988, 0.00292343]'
[93.624, 103.185, 0.00290751]'
[93.9732, 103.355, 0.00288898]'
[94.3092, 103.496, 0.00286835]'
[94.6309, 103.612, 0.00284621]'
[94.9371, 103.704, 0.00282326]'
[95.2269, 103.774, 0.00280025]'
[95.4994, 103.826, 0.002778]'
[95.7537, 103.862, 0.00275736]'
[95.9895, 103.887, 0.00273918]'
[96.2063, 103.904, 0.00272431]'
[96.4038, 103.918, 0.00271356]'
[96.5822, 103.933, 0.00270764]'
[96.7414, 103.954, 0.00270721]'
[96.882, 103.985, 0.0027128]'
[97.0044, 104.03, 0.00272479]'
[97.1095, 104.094, 0.00274345]'
[97.1981, 104.18, 0.00276884]'
[97.2712, 104.291, 0.00280086]'
[97.3302, 104.431, 0.00283923]'
[97.3764, 104.601, 0.00288351]'
[97.4112, 104.804, 0.00293304]'
[97.4362, 105.042, 0.00298703]'
[97.453, 105.313, 0.00304451]'
[97.4632, 105.62, 0.00310442]'
[97.4686, 105.961, 0.00316554]'
[97.4707, 106.336, 0.0032266]'
[97.4711, 106.742, 0.00328628]'
[97.4715, 107.177, 0.00334323]'
[97.4732, 107.64, 0.00339612]'
[97.4776, 108.127, 0.00344369]'
[97.4858, 108.634, 0.00348473]'
[97.4989, 109.159, 0.00351818]'
[97.5178, 109.697, 0.00354312]'
[97.5431, 110.245, 0.00355881]'
[97.5754, 110.799, 0.0035647]'
[97.615, 111.356, 0.00356048]'
[97.6618, 111.911, 0.00354606]'
[97.716, 112.462, 0.00352159]'
[97.7771, 113.005, 0.00348748]'
[97.8447, 113.537, 0.00344436]'
[97.9182, 114.057, 0.00339311]'
[97.9968, 114.561, 0.0033348]'
[98.0797, 115.049, 0.0032707]'
[98.1658, 115.519, 0.00320223]'
[98.2541, 115.969, 0.00313096]'
[98.3433, 116.401, 0.00305852]'
[98.4325, 116.812, 0.00298663]'
[98.5203, 117.204, 0.00291697]'
[98.6057, 117.576, 0.00285124]'
[98.6875, 117.93, 0.00279104]'
[98.7649, 118.266, 0.00273784]'
[98.8368, 118.586, 0.00269299]'
[98.9025, 118.889, 0.00265763]'
[98.9613, 119.178, 0.00263268]'
[99.0128, 119.453, 0.00261883]'
[99.0565, 119.716, 0.00261648]'
[99.0924, 119.967, 0.00262579]'
[99.1203, 120.207, 0.0026466]'
[99.1405, 120.437, 0.00267849]'
[99.1532, 120.657, 0.00272076]'
[99.1589, 120.867, 0.00277246]'
[99.1582, 121.068, 0.00283239]'
[99.1518, 121.26, 0.00289914]'
[99.1406, 121.441, 0.00297114]'
[99.1253, 121.612, 0.00304668]'
[99.107, 121.772, 0.00312394]'
[99.0867, 121.92, 0.00320108]'
[99.0652, 122.055, 0.00327622]'
[99.0437, 122.178, 0.00334755]'
[99.0229, 122.286, 0.00341334]'
[99.0037, 122.379, 0.00347198]'
[98.9869, 122.456, 0.00352205]'
[98.9731, 122.517, 0.00356232]'
[98.9629, 122.561, 0.00359181]'
[98.9545, 122.596, 0.00361584]'
