[4.375, 53.125, 0.00225]'
[4.37543, 53.1251, 0.00225]'
[4.37669, 53.1252, 0.00225]'
[4.37879, 53.1256, 0.00225]'
[4.38168, 53.1264, 0.00225]'
[4.38534, 53.1277, 0.00225]'
[4.3897, 53.1298, 0.00225]'
[4.39473, 53.1329, 0.00225]'
[4.40036, 53.1373, 0.00225]'
[4.40653, 53.1432, 0.00225]'
[4.4132, 53.151, 0.00225]'
[4.4203, 53.161, 0.00225]'
[4.42779, 53.1732, 0.00225]'
[4.43563, 53.188, 0.00225]'
[4.44379, 53.2054, 0.00225]'
[4.45226, 53.2255, 0.00225]'
[4.46104, 53.2484, 0.00225]'
[4.47013, 53.2739, 0.00225]'
[4.47957, 53.3019, 0.00225]'
[4.4894, 53.3323, 0.00225]'
[4.49967, 53.3646, 0.00225]'
[4.51045, 53.3986, 0.00225]'
[4.52182, 53.4339, 0.00225]'
[4.53385, 53.47, 0.00225]'
[4.54663, 53.5064, 0.00225]'
[4.56025, 53.5428, 0.00225]'
[4.57481, 53.5785, 0.00225]'
[4.59037, 53.6132, 0.00225]'
[4.607, 53.6464, 0.00225]'
[4.62478, 53.6778, 0.00225]'
[4.64373, 53.7071, 0.00225]'
[4.66388, 53.734, 0.00225]'
[4.68524, 53.7585, 0.00225]'
[4.70779, 53.7806, 0.00225]'
[4.73149, 53.8003, 0.00225]'
[4.75629, 53.818, 0.00225]'
[4.78209, 53.8339, 0.00225]'
[4.80882, 53.8486, 0.00225]'
[4.83635, 53.8627, 0.00225]'
[4.86459, 53.8768, 0.00225]'
[4.89339, 53.8917, 0.00225]'
[4.92265, 53.9084, 0.00225]'
[4.95227, 53.9276, 0.00225]'
[4.98215, 53.9503, 0.00225]'
[5.01223, 53.9774, 0.00225]'
[5.04249, 54.0098, 0.00225]'
[5.07294, 54.0484, 0.00225]'
[5.10365, 54.094, 0.00225]'
[5.13476, 54.147, 0.00225]'
[5.16645, 54.2082, 0.00225]'
[5.199, 54.2778, 0.00225]'
[5.23277, 54.356, 0.00225]'
[5.26818, 54.4428, 0.00225]'
[5.30576, 54.5379, 0.00225]'
[5.34611, 54.641, 0.00225]'
[5.38993, 54.7512, 0.00225]'
[5.43801, 54.8678, 0.00225]'
[5.49119, 54.9896, 0.00225]'
[5.55041, 55.1153, 0.00225]'
[5.61667, 55.2434, 0.00225]'
[5.691, 55.3721, 0.00225]'
[5.77451, 55.4997, 0.00225]'
[5.86829, 55.6242, 0.00225]'
[5.97348, 55.7435, 0.00225]'
[6.09118, 55.8555, 0.00225]'
[6.22249, 55.9582, 0.00225]'
[6.36844, 56.0494, 0.00225]'
[6.53002, 56.1272, 0.00225]'
[6.70811, 56.1896, 0.00225]'
[6.90351, 56.2348, 0.00225]'
[7.1169, 56.2611, 0.00225]'
[7.34878, 56.2673, 0.00225]'
[7.59956, 56.2519, 0.00225]'
[7.86942, 56.2142, 0.00225]'
[8.1584, 56.1533, 0.00225]'
[8.46633, 56.069, 0.00225]'
[8.79285, 55.961, 0.00225]'
[9.13739, 55.8297, 0.00225]'
[9.4992, 55.6753, 0.00225]'
[9.87731, 55.4987, 0.00225]'
[10.2706, 55.3009, 0.00225]'
[10.6776, 55.0832, 0.00225]'
[11.097, 54.847, 0.00225]'
[11.5269, 54.594, 0.00225]'
[11.9657, 54.3261, 0.00225]'
[12.4113, 54.0452, 0.00225]'
[12.8617, 53.7536, 0.00225]'
[13.3149, 53.4532, 0.00225]'
[13.7687, 53.1464, 0.00225]'
[14.2209, 52.8353, 0.00225]'
[14.6693, 52.5221, 0.00225]'
[15.1118, 52.2088, 0.00225]'
[15.5464, 51.8974, 0.00225]'
[15.9711, 51.5898, 0.00225]'
[16.3839, 51.2878, 0.00225]'
[16.7833, 50.9928, 0.00225]'
[17.1676, 50.7063, 0.00225]'
[17.5354, 50.4294, 0.00225]'
[17.8856, 50.1631, 0.00225]'
[18.2171, 49.9082, 0.00225]'
[18.5293, 49.6652, 0.00225]'
[18.8215, 49.4347, 0.00225]'
[19.0935, 49.2168, 0.00225]'
[19.3452, 49.0116, 0.00225]'
[19.5766, 48.8189, 0.00225]'
[19.7883, 48.6386, 0.00225]'
[19.9806, 48.4703, 0.00225]'
[20.1544, 48.3136, 0.00225]'
[20.3106, 48.168, 0.00225]'
[20.4501, 48.0329, 0.00225]'
[20.5743, 47.9077, 0.00225]'
[20.6845, 47.7918, 0.00225]'
[20.7819, 47.6845, 0.00225]'
[20.8681, 47.5853, 0.00225]'
[20.9444, 47.4935, 0.00225]'
[21.0125, 47.4087, 0.00225]'
[21.0737, 47.3303, 0.00225]'
[21.1295, 47.2579, 0.00225]'
[21.1812, 47.1909, 0.00225]'
[21.2301, 47.1292, 0.00225]'
[21.2773, 47.0723, 0.00225]'
[21.324, 47.0199, 0.00225]'
[21.371, 46.9719, 0.00225]'
[21.4192, 46.928, 0.00225]'
[21.4691, 46.8881, 0.00225]'
[21.5213, 46.8519, 0.00225]'
[21.5762, 46.8193, 0.00225]'
[21.6339, 46.7901, 0.00225]'
[21.6945, 46.7641, 0.00225]'
[21.758, 46.7411, 0.00225]'
[21.824, 46.721, 0.00225]'
[21.8925, 46.7033, 0.00225]'
[21.9628, 46.688, 0.00225]'
[22.0347, 46.6746, 0.00225]'
[22.1075, 46.6628, 0.00225]'
[22.1806, 46.6522, 0.00225]'
[22.2534, 46.6424, 0.00225]'
[22.3253, 46.6331, 0.00225]'
[22.3956, 46.6237, 0.00225]'
[22.4638, 46.6139, 0.00225]'
[22.5292, 46.6033, 0.00225]'
[22.5913, 46.5914, 0.00225]'
[22.6497, 46.5778, 0.00225]'
[22.7039, 46.5621, 0.00225]'
[22.7537, 46.5442, 0.00225]'
[22.7986, 46.5236, 0.00225]'
[22.8387, 46.5001, 0.00225]'
[22.8737, 46.4737, 0.00225]'
[22.9038, 46.4442, 0.00225]'
[22.9289, 46.4115, 0.00225]'
[22.9493, 46.3758, 0.00225]'
[22.9652, 46.3371, 0.00225]'
[22.9769, 46.2956, 0.00225]'
[22.9846, 46.2515, 0.00225]'
[22.9889, 46.2051, 0.00225]'
[22.9902, 46.1567, 0.00225]'
[22.9889, 46.1067, 0.00225]'
[22.9854, 46.0554, 0.00225]'
[22.9802, 46.0034, 0.00225]'
[22.9739, 45.9509, 0.00225]'
[22.9667, 45.8985, 0.00225]'
[22.9593, 45.8465, 0.00225]'
[22.9518, 45.7954, 0.00225]'
[22.9447, 45.7454, 0.00225]'
[22.9382, 45.6969, 0.00225]'
[22.9326, 45.6503, 0.00225]'
[22.9281, 45.6056, 0.00225]'
[22.9248, 45.5632, 0.00225]'
[22.9228, 45.5232, 0.00225]'
[22.9221, 45.4856, 0.00225]'
[22.9227, 45.4504, 0.00225]'
[22.9245, 45.4177, 0.00225]'
[22.9275, 45.3873, 0.00225]'
[22.9316, 45.3592, 0.00225]'
[22.9365, 45.3332, 0.00225]'
[22.9421, 45.3092, 0.00225]'
[22.9482, 45.287, 0.00225]'
[22.9547, 45.2663, 0.00225]'
[22.9613, 45.2469, 0.00225]'
[22.9678, 45.2288, 0.00225]'
[22.9742, 45.2116, 0.00225]'
[22.9802, 45.1952, 0.00225]'
[22.9858, 45.1795, 0.00225]'
[22.9907, 45.1643, 0.00225]'
[22.9951, 45.1495, 0.00225]'
[22.9987, 45.1351, 0.00225]'
[23.0016, 45.121, 0.00225]'
[23.0037, 45.1073, 0.00225]'
[23.0052, 45.094, 0.00225]'
[23.0061, 45.0811, 0.00225]'
[23.0064, 45.0687, 0.00225]'
[23.0063, 45.057, 0.00225]'
[23.0058, 45.046, 0.00225]'
[23.005, 45.036, 0.00225]'
[23.004, 45.0269, 0.00225]'
[23.003, 45.019, 0.00225]'
[23.0021, 45.0123, 0.00225]'
[23.0012, 45.007, 0.00225]'
[23.0006, 45.0031, 0.00225]'
[23, 45, 0.00225]'
[28.8405, 48.7039, 0.00207651]'
[28.8443, 48.7115, 0.00207372]'
[28.8557, 48.734, 0.0020654]'
[28.8743, 48.7707, 0.00205174]'
[28.8996, 48.8205, 0.00203305]'
[28.931, 48.8817, 0.00200971]'
[28.9678, 48.9524, 0.00198226]'
[29.009, 49.0302, 0.00195128]'
[29.0536, 49.1126, 0.00191746]'
[29.1005, 49.1967, 0.00188152]'
[29.1487, 49.2799, 0.00184427]'
[29.1972, 49.3591, 0.0018065]'
[29.2447, 49.4315, 0.00176905]'
[29.2905, 49.4946, 0.00173272]'
[29.3336, 49.5457, 0.00169831]'
[29.3733, 49.5829, 0.00166657]'
[29.409, 49.6043, 0.00163819]'
[29.4401, 49.6088, 0.00161379]'
[29.4665, 49.5955, 0.0015939]'
[29.488, 49.5644, 0.00157895]'
[29.5044, 49.5159, 0.00156928]'
[29.5159, 49.451, 0.0015651]'
[29.5226, 49.3714, 0.00156652]'
[29.5248, 49.2795, 0.00157352]'
[29.5227, 49.1783, 0.00158598]'
[29.5167, 49.0713, 0.00160366]'
[29.507, 48.9625, 0.00162621]'
[29.4937, 48.8565, 0.0016532]'
[29.4768, 48.7583, 0.0016841]'
[29.4565, 48.673, 0.00171832]'
[29.4324, 48.6062, 0.0017552]'
[29.4041, 48.5634, 0.00179405]'
[29.3711, 48.5502, 0.00183416]'
[29.3326, 48.572, 0.0018748]'
[29.2876, 48.6341, 0.00191524]'
[29.2351, 48.7415, 0.0019548]'
[29.1739, 48.8986, 0.00199283]'
[29.1024, 49.1095, 0.00202872]'
[29.0193, 49.3775, 0.00206195]'
[28.9231, 49.7053, 0.00209208]'
[28.8123, 50.0947, 0.00211873]'
[28.6856, 50.5469, 0.00214166]'
[28.5417, 51.0621, 0.0021607]'
[28.3796, 51.6396, 0.00217579]'
[28.1985, 52.2779, 0.00218698]'
[27.9979, 52.9746, 0.00219442]'
[27.7776, 53.7264, 0.00219835]'
[27.538, 54.5292, 0.0021991]'
[27.2797, 55.3783, 0.00219708]'
[27.0039, 56.2681, 0.00219278]'
[26.712, 57.1927, 0.00218671]'
[26.4062, 58.1454, 0.00217947]'
[26.0888, 59.1195, 0.00217163]'
[25.7627, 60.1078, 0.0021638]'
[25.4311, 61.103, 0.00215659]'
[25.0974, 62.098, 0.00215057]'
[24.7652, 63.0857, 0.00214628]'
[24.4383, 64.0591, 0.0021442]'
[24.1206, 65.012, 0.00214476]'
[23.8159, 65.9382, 0.00214831]'
[23.5277, 66.8324, 0.0021551]'
[23.2593, 67.6899, 0.00216532]'
[23.0139, 68.5069, 0.00217903]'
[22.794, 69.2801, 0.00219622]'
[22.6017, 70.0073, 0.00221675]'
[22.4384, 70.6872, 0.00224041]'
[22.3049, 71.3193, 0.0022669]'
[22.2015, 71.904, 0.0022958]'
[22.1276, 72.4425, 0.00232667]'
[22.0819, 72.937, 0.00235896]'
[22.0625, 73.3902, 0.00239209]'
[22.0668, 73.8057, 0.00242544]'
[22.0917, 74.1875, 0.00245836]'
[22.1334, 74.5401, 0.00249021]'
[22.1878, 74.8684, 0.00252034]'
[22.2507, 75.1776, 0.00254814]'
[22.3173, 75.473, 0.00257303]'
[22.383, 75.7596, 0.00259449]'
[22.4434, 76.0428, 0.00261205]'
[22.4942, 76.3274, 0.00262533]'
[22.5314, 76.6178, 0.00263404]'
[22.5517, 76.9181, 0.00263797]'
[22.5523, 77.2319, 0.00263703]'
[22.5314, 77.5619, 0.00263121]'
[22.4879, 77.9104, 0.00262059]'
[22.4216, 78.2787, 0.00260539]'
[22.3335, 78.6675, 0.00258588]'
[22.2255, 79.0766, 0.00256245]'
[22.1005, 79.5052, 0.00253554]'
[21.9627, 79.9514, 0.00250568]'
[21.817, 80.4128, 0.00247343]'
[21.6693, 80.8865, 0.00243942]'
[21.5263, 81.3686, 0.00240427]'
[21.3954, 81.855, 0.00236865]'
[21.2845, 82.341, 0.0023332]'
[21.2018, 82.8218, 0.00229855]'
[21.1556, 83.2922, 0.00226527]'
[21.1544, 83.7471, 0.00223393]'
[21.2062, 84.1811, 0.00220499]'
[21.3187, 84.5894, 0.00217887]'
[21.4989, 84.9671, 0.00215591]'
[21.753, 85.3099, 0.00213633]'
[22.0862, 85.6137, 0.00212029]'
[22.5024, 85.8753, 0.00210786]'
[23.0045, 86.0918, 0.00209898]'
[23.5936, 86.2612, 0.00209353]'
[24.2697, 86.3821, 0.00209128]'
[25.0309, 86.4538, 0.00209196]'
[25.8742, 86.4766, 0.00209517]'
[26.7947, 86.4513, 0.00210049]'
[27.7862, 86.3796, 0.00210745]'
[28.8412, 86.2638, 0.00211553]'
[29.9509, 86.107, 0.00212419]'
[31.1054, 85.9127, 0.00213289]'
[32.2941, 85.685, 0.0021411]'
[33.5054, 85.4283, 0.00214832]'
[34.7276, 85.1476, 0.00215406]'
[35.9486, 84.8477, 0.00215791]'
[37.1562, 84.5339, 0.0021595]'
[38.3388, 84.2113, 0.00215854]'
[39.4849, 83.8849, 0.00215481]'
[40.584, 83.5595, 0.0021482]'
[41.6264, 83.2399, 0.00213865]'
[42.6038, 82.93, 0.00212621]'
[43.5088, 82.6336, 0.00211102]'
[44.3357, 82.354, 0.0020933]'
[45.0803, 82.0938, 0.00207334]'
[45.7399, 81.855, 0.00205151]'
[46.3134, 81.639, 0.00202824]'
[46.8016, 81.4466, 0.002004]'
[47.2066, 81.2778, 0.00197931]'
[47.5321, 81.1321, 0.0019547]'
[47.7831, 81.0085, 0.00193071]'
[47.9659, 80.9053, 0.00190788]'
[48.088, 80.8203, 0.00188672]'
[48.1574, 80.7511, 0.00186771]'
[48.1831, 80.6946, 0.00185127]'
[48.1744, 80.6476, 0.00183777]'
[48.1408, 80.6068, 0.00182751]'
[48.0919, 80.5687, 0.0018207]'
[48.0368, 80.5295, 0.00181747]'
[47.9842, 80.486, 0.00181785]'
[47.9424, 80.4346, 0.00182179]'
[47.9184, 80.3721, 0.00182913]'
[47.9186, 80.2956, 0.00183964]'
[47.9481, 80.2025, 0.001853]'
[48.0106, 80.0905, 0.0018688]'
[48.1089, 79.9577, 0.00188657]'
[48.2442, 79.8026, 0.0019058]'
[48.4164, 79.6241, 0.00192592]'
[48.6243, 79.4218, 0.00194633]'
[48.8652, 79.1954, 0.00196644]'
[49.1357, 78.9452, 0.00198563]'
[49.4311, 78.6718, 0.00200334]'
[49.746, 78.3762, 0.002019]'
[50.0743, 78.0598, 0.00203213]'
[50.4095, 77.7241, 0.00204229]'
[50.7447, 77.3709, 0.00204911]'
[51.0729, 77.0022, 0.00205233]'
[51.3874, 76.6201, 0.00205176]'
[51.6813, 76.2269, 0.00204732]'
[51.9487, 75.8246, 0.00203903]'
[52.1839, 75.4156, 0.00202703]'
[52.382, 75.0018, 0.00201153]'
[52.5389, 74.5852, 0.00199287]'
[52.6516, 74.1678, 0.00197146]'
[52.718, 73.7513, 0.0019478]'
[52.7367, 73.337, 0.00192246]'
[52.7079, 72.9264, 0.00189607]'
[52.6322, 72.5206, 0.00186928]'
[52.5116, 72.1205, 0.0018428]'
[52.3486, 71.7269, 0.00181732]'
[52.1468, 71.3403, 0.00179353]'
[51.9101, 70.9613, 0.0017721]'
[51.6434, 70.5899, 0.00175365]'
[51.3515, 70.2266, 0.00173874]'
[51.0399, 69.8715, 0.00172786]'
[50.714, 69.5245, 0.0017214]'
[50.3791, 69.1859, 0.00171968]'
[50.0405, 68.8557, 0.00172288]'
[49.7033, 68.5341, 0.0017311]'
[49.3721, 68.2212, 0.00174428]'
[49.051, 67.9173, 0.00176229]'
[48.7436, 67.6229, 0.00178485]'
[48.453, 67.3383, 0.00181159]'
[48.1817, 67.0642, 0.00184203]'
[47.9313, 66.8013, 0.00187559]'
[47.703, 66.5504, 0.00191163]'
[47.4975, 66.3123, 0.00194943]'
[47.3147, 66.088, 0.00198821]'
[47.1542, 65.8785, 0.00202719]'
[47.0151, 65.6848, 0.00206555]'
[46.8964, 65.508, 0.00210248]'
[46.7966, 65.3491, 0.00213721]'
[46.7142, 65.2092, 0.00216898]'
[46.6477, 65.089, 0.00219713]'
[46.5956, 64.9895, 0.00222104]'
[46.5566, 64.9113, 0.00224019]'
[46.5296, 64.855, 0.00225418]'
[46.5085, 64.8098, 0.00226555]'
[34.5, 53.25, 0.00225]'
[34.5005, 53.2508, 0.00225]'
[34.5022, 53.2533, 0.00225]'
[34.5049, 53.2574, 0.00225]'
[34.5087, 53.2632, 0.00225]'
[34.5136, 53.2706, 0.00225]'
[34.5195, 53.2797, 0.00225]'
[34.5265, 53.2904, 0.00225]'
[34.5346, 53.3027, 0.00225]'
[34.5438, 53.3166, 0.00225]'
[34.554, 53.3322, 0.00225]'
[34.5653, 53.3493, 0.00225]'
[34.5777, 53.368, 0.00225]'
[34.5911, 53.3883, 0.00225]'
[34.6055, 53.4101, 0.00225]'
[34.621, 53.4335, 0.00225]'
[34.6376, 53.4585, 0.00225]'
[34.6551, 53.485, 0.00225]'
[34.6737, 53.5131, 0.00225]'
[34.6934, 53.5427, 0.00225]'
[34.714, 53.5739, 0.00225]'
[34.7357, 53.6066, 0.00225]'
[34.7584, 53.6408, 0.00225]'
[34.7821, 53.6766, 0.00225]'
[34.8068, 53.7139, 0.00225]'
[34.8326, 53.7528, 0.00225]'
[34.8593, 53.7932, 0.00225]'
[34.8871, 53.8352, 0.00225]'
[34.9158, 53.8786, 0.00225]'
[34.9456, 53.9237, 0.00225]'
[34.9763, 53.9702, 0.00225]'
[35.008, 54.0183, 0.00225]'
[35.0407, 54.0679, 0.00225]'
[35.0744, 54.119, 0.00225]'
[35.109, 54.1716, 0.00225]'
[35.1445, 54.2257, 0.00225]'
[35.181, 54.2812, 0.00225]'
[35.2184, 54.3381, 0.00225]'
[35.2568, 54.3964, 0.00225]'
[35.296, 54.4561, 0.00225]'
[35.3361, 54.5171, 0.00225]'
[35.3771, 54.5795, 0.00225]'
[35.4189, 54.6431, 0.00225]'
[35.4616, 54.7079, 0.00225]'
[35.5051, 54.774, 0.00225]'
[35.5494, 54.8412, 0.00225]'
[35.5945, 54.9096, 0.00225]'
[35.6403, 54.9791, 0.00225]'
[35.6869, 55.0496, 0.00225]'
[35.7343, 55.1212, 0.00225]'
[35.7824, 55.1939, 0.00225]'
[35.8312, 55.2675, 0.00225]'
[35.8808, 55.3421, 0.00225]'
[35.931, 55.4178, 0.00225]'
[35.9819, 55.4944, 0.00225]'
[36.0335, 55.5719, 0.00225]'
[36.0858, 55.6505, 0.00225]'
[36.1388, 55.73, 0.00225]'
[36.1924, 55.8106, 0.00225]'
[36.2467, 55.8922, 0.00225]'
[36.3016, 55.9748, 0.00225]'
[36.3572, 56.0584, 0.00225]'
[36.4135, 56.1432, 0.00225]'
[36.4705, 56.229, 0.00225]'
[36.528, 56.3159, 0.00225]'
[36.5863, 56.404, 0.00225]'
[36.6452, 56.4932, 0.00225]'
[36.7047, 56.5836, 0.00225]'
[36.7649, 56.6751, 0.00225]'
[36.8257, 56.7678, 0.00225]'
[36.8871, 56.8616, 0.00225]'
[36.9491, 56.9565, 0.00225]'
[37.0117, 57.0524, 0.00225]'
[37.0748, 57.1494, 0.00225]'
[37.1385, 57.2474, 0.00225]'
[37.2027, 57.3462, 0.00225]'
[37.2673, 57.4459, 0.00225]'
[37.3324, 57.5462, 0.00225]'
[37.3978, 57.6472, 0.00225]'
[37.4636, 57.7485, 0.00225]'
[37.5297, 57.8503, 0.00225]'
[37.596, 57.9521, 0.00225]'
[37.6624, 58.054, 0.00225]'
[37.729, 58.1557, 0.00225]'
[37.7957, 58.257, 0.00225]'
[37.8623, 58.3579, 0.00225]'
[37.9289, 58.4579, 0.00225]'
[37.9953, 58.5571, 0.00225]'
[38.0615, 58.6551, 0.00225]'
[38.1275, 58.7518, 0.00225]'
[38.1931, 58.8471, 0.00225]'
[38.2583, 58.9406, 0.00225]'
[38.323, 59.0323, 0.00225]'
[38.3872, 59.1219, 0.00225]'
[38.4509, 59.2094, 0.00225]'
[38.5139, 59.2945, 0.00225]'
[38.5762, 59.3772, 0.00225]'
[38.6379, 59.4574, 0.00225]'
[38.6988, 59.5349, 0.00225]'
[38.7589, 59.6097, 0.00225]'
[38.8182, 59.6818, 0.00225]'
[38.8767, 59.7511, 0.00225]'
[38.9343, 59.8176, 0.00225]'
[38.9912, 59.8814, 0.00225]'
[39.0472, 59.9423, 0.00225]'
[39.1023, 60.0007, 0.00225]'
[39.1567, 60.0564, 0.00225]'
[39.2102, 60.1095, 0.00225]'
[39.263, 60.1603, 0.00225]'
[39.315, 60.2087, 0.00225]'
[39.3663, 60.255, 0.00225]'
[39.4169, 60.2992, 0.00225]'
[39.4669, 60.3416, 0.00225]'
[39.5162, 60.3822, 0.00225]'
[39.565, 60.4212, 0.00225]'
[39.6132, 60.4589, 0.00225]'
[39.6609, 60.4953, 0.00225]'
[39.7081, 60.5306, 0.00225]'
[39.7549, 60.5649, 0.00225]'
[39.8013, 60.5985, 0.00225]'
[39.8473, 60.6314, 0.00225]'
[39.893, 60.6638, 0.00225]'
[39.9383, 60.6958, 0.00225]'
[39.9834, 60.7275, 0.00225]'
[40.0282, 60.759, 0.00225]'
[40.0728, 60.7904, 0.00225]'
[40.1171, 60.8217, 0.00225]'
[40.1612, 60.8531, 0.00225]'
[40.205, 60.8844, 0.00225]'
[40.2486, 60.9159, 0.00225]'
[40.292, 60.9475, 0.00225]'
[40.3352, 60.9791, 0.00225]'
[40.378, 61.0109, 0.00225]'
[40.4207, 61.0427, 0.00225]'
[40.463, 61.0746, 0.00225]'
[40.505, 61.1065, 0.00225]'
[40.5467, 61.1384, 0.00225]'
[40.5881, 61.1702, 0.00225]'
[40.6291, 61.2019, 0.00225]'
[40.6698, 61.2335, 0.00225]'
[40.71, 61.2648, 0.00225]'
[40.7498, 61.2959, 0.00225]'
[40.7892, 61.3268, 0.00225]'
[40.8281, 61.3572, 0.00225]'
[40.8665, 61.3873, 0.00225]'
[40.9044, 61.417, 0.00225]'
[40.9418, 61.4462, 0.00225]'
[40.9786, 61.4749, 0.00225]'
[41.0149, 61.5031, 0.00225]'
[41.0506, 61.5307, 0.00225]'
[41.0857, 61.5578, 0.00225]'
[41.1203, 61.5844, 0.00225]'
[41.1542, 61.6103, 0.00225]'
[41.1876, 61.6358, 0.00225]'
[41.2203, 61.6606, 0.00225]'
[41.2524, 61.6849, 0.00225]'
[41.2839, 61.7086, 0.00225]'
[41.3148, 61.7318, 0.00225]'
[41.3451, 61.7545, 0.00225]'
[41.3747, 61.7766, 0.00225]'
[41.4037, 61.7983, 0.00225]'
[41.4321, 61.8195, 0.00225]'
[41.4599, 61.8401, 0.00225]'
[41.487, 61.8604, 0.00225]'
[41.5135, 61.8801, 0.00225]'
[41.5393, 61.8994, 0.00225]'
[41.5645, 61.9183, 0.00225]'
[41.5891, 61.9367, 0.00225]'
[41.613, 61.9547, 0.00225]'
[41.6363, 61.9722, 0.00225]'
[41.6589, 61.9893, 0.00225]'
[41.6808, 62.0059, 0.00225]'
[41.702, 62.0221, 0.00225]'
[41.7226, 62.0378, 0.00225]'
[41.7425, 62.053, 0.00225]'
[41.7617, 62.0677, 0.00225]'
[41.7802, 62.0819, 0.00225]'
[41.7979, 62.0956, 0.00225]'
[41.815, 62.1087, 0.00225]'
[41.8313, 62.1213, 0.00225]'
[41.8469, 62.1334, 0.00225]'
[41.8618, 62.1448, 0.00225]'
[41.8759, 62.1557, 0.00225]'
[41.8893, 62.166, 0.00225]'
[41.9019, 62.1757, 0.00225]'
[41.9138, 62.1849, 0.00225]'
[41.9249, 62.1934, 0.00225]'
[41.9353, 62.2013, 0.00225]'
[41.9448, 62.2086, 0.00225]'
[41.9536, 62.2153, 0.00225]'
[41.9617, 62.2213, 0.00225]'
[41.969, 62.2268, 0.00225]'
[41.9755, 62.2317, 0.00225]'
[41.9812, 62.236, 0.00225]'
[41.9862, 62.2398, 0.00225]'
[41.9904, 62.2429, 0.00225]'
[41.9939, 62.2455, 0.00225]'
[41.9966, 62.2475, 0.00225]'
[41.9985, 62.2489, 0.00225]'
[42, 62.25, 0.00225]'
[23.0452, 38.2691, 0.00198094]'
[23.0504, 38.2812, 0.00198312]'
[23.0661, 38.3172, 0.00198961]'
[23.0917, 38.3761, 0.00200029]'
[23.1268, 38.4562, 0.00201493]'
[23.1705, 38.5555, 0.00203325]'
[23.2219, 38.6713, 0.00205487]'
[23.2797, 38.8006, 0.00207938]'
[23.3427, 38.9401, 0.00210629]'
[23.4096, 39.0863, 0.00213508]'
[23.4787, 39.2358, 0.00216518]'
[23.5487, 39.3851, 0.00219603]'
[23.6182, 39.5311, 0.00222705]'
[23.6857, 39.671, 0.00225767]'
[23.7501, 39.8023, 0.00228734]'
[23.8103, 39.9232, 0.00231554]'
[23.8654, 40.0326, 0.0023418]'
[23.9151, 40.1298, 0.00236569]'
[23.9589, 40.215, 0.00238686]'
[23.9972, 40.2891, 0.002405]'
[24.0305, 40.3536, 0.0024199]'
[24.0597, 40.4107, 0.00243142]'
[24.0864, 40.4631, 0.00243949]'
[24.1124, 40.5141, 0.00244411]'
[24.1403, 40.5673, 0.00244537]'
[24.1729, 40.6266, 0.00244343]'
[24.2137, 40.6958, 0.0024385]'
[24.2665, 40.7788, 0.00243085]'
[24.3356, 40.8794, 0.0024208]'
[24.4257, 41.0006, 0.00240873]'
[24.5418, 41.1454, 0.00239501]'
[24.6892, 41.3159, 0.00238006]'
[24.8734, 41.5132, 0.00236429]'
[25.1, 41.738, 0.00234811]'
[25.3746, 41.9897, 0.00233193]'
[25.7029, 42.2667, 0.00231613]'
[26.0902, 42.5666, 0.00230104]'
[26.5417, 42.8858, 0.00228699]'
[27.0623, 43.2197, 0.00227422]'
[27.6562, 43.5631, 0.00226296]'
[28.3271, 43.9098, 0.00225337]'
[29.0782, 44.253, 0.00224556]'
[29.9118, 44.5854, 0.00223957]'
[30.8293, 44.8997, 0.00223541]'
[31.8313, 45.1881, 0.00223301]'
[32.9174, 45.4434, 0.00223229]'
[34.0861, 45.6585, 0.00223309]'
[35.335, 45.827, 0.00223525]'
[36.6605, 45.9435, 0.00223854]'
[38.058, 46.0035, 0.00224275]'
[39.5219, 46.0037, 0.00224761]'
[41.0454, 45.9425, 0.00225289]'
[42.6211, 45.8196, 0.00225833]'
[44.2405, 45.6365, 0.00226368]'
[45.8943, 45.3965, 0.00226872]'
[47.5727, 45.1046, 0.00227323]'
[49.2652, 44.7676, 0.00227703]'
[50.9609, 44.394, 0.00227997]'
[52.6488, 43.9941, 0.00228192]'
[54.3176, 43.5795, 0.00228281]'
[55.956, 43.1631, 0.00228256]'
[57.553, 42.7591, 0.00228117]'
[59.0979, 42.3823, 0.00227866]'
[60.5804, 42.0481, 0.00227506]'
[61.991, 41.7724, 0.00227045]'
[63.3207, 41.5708, 0.00226494]'
[64.5617, 41.4588, 0.00225863]'
[65.707, 41.4509, 0.00225167]'
[66.7506, 41.5609, 0.00224418]'
[67.6879, 41.8013, 0.00223631]'
[68.5152, 42.183, 0.00222821]'
[69.2305, 42.715, 0.00222]'
[69.8326, 43.4045, 0.00221183]'
[70.3217, 44.2564, 0.00220378]'
[70.6995, 45.2733, 0.00219597]'
[70.9687, 46.4556, 0.00218847]'
[71.1329, 47.8011, 0.00218131]'
[71.1972, 49.3051, 0.00217455]'
[71.1674, 50.9608, 0.00216819]'
[71.0502, 52.7591, 0.00216221]'
[70.8531, 54.6887, 0.0021566]'
[70.5842, 56.7366, 0.0021513]'
[70.2521, 58.888, 0.00214626]'
[69.8657, 61.1266, 0.00214142]'
[69.4344, 63.4354, 0.00213671]'
[68.9673, 65.7962, 0.00213205]'
[68.474, 68.1905, 0.00212739]'
[67.9637, 70.5997, 0.00212267]'
[67.4452, 73.0051, 0.00211783]'
[66.9275, 75.3887, 0.00211285]'
[66.4187, 77.7331, 0.00210771]'
[65.9268, 80.0222, 0.00210242]'
[65.4592, 82.2407, 0.002097]'
[65.0226, 84.3752, 0.00209149]'
[64.6233, 86.4137, 0.00208597]'
[64.267, 88.346, 0.00208052]'
[63.9588, 90.1638, 0.00207524]'
[63.7031, 91.8608, 0.00207025]'
[63.504, 93.4325, 0.00206567]'
[63.3647, 94.8763, 0.00206166]'
[63.2883, 96.1914, 0.00205833]'
[63.2773, 97.3787, 0.00205583]'
[63.3335, 98.4409, 0.0020543]'
[63.4588, 99.3817, 0.00205385]'
[63.6545, 100.206, 0.00205458]'
[63.9215, 100.921, 0.00205657]'
[64.2606, 101.533, 0.0020599]'
[64.6723, 102.049, 0.00206459]'
[65.1569, 102.478, 0.00207065]'
[65.7145, 102.828, 0.00207805]'
[66.3447, 103.107, 0.00208673]'
[67.0474, 103.322, 0.00209662]'
[67.8217, 103.482, 0.00210759]'
[68.6669, 103.593, 0.0021195]'
[69.5818, 103.662, 0.00213218]'
[70.5648, 103.695, 0.00214545]'
[71.6143, 103.696, 0.0021591]'
[72.7279, 103.669, 0.00217293]'
[73.9032, 103.619, 0.0021867]'
[75.137, 103.548, 0.00220021]'
[76.4258, 103.457, 0.00221325]'
[77.7656, 103.347, 0.00222561]'
[79.1519, 103.22, 0.00223712]'
[80.5796, 103.075, 0.00224761]'
[82.0432, 102.913, 0.00225695]'
[83.5367, 102.731, 0.00226505]'
[85.0533, 102.531, 0.00227182]'
[86.5863, 102.31, 0.00227725]'
[88.1283, 102.069, 0.00228132]'
[89.6714, 101.806, 0.00228408]'
[91.2079, 101.521, 0.0022856]'
[92.7295, 101.214, 0.00228599]'
[94.2281, 100.886, 0.00228536]'
[95.6956, 100.536, 0.00228389]'
[97.1238, 100.167, 0.00228174]'
[98.505, 99.7783, 0.0022791]'
[99.8318, 99.3731, 0.00227617]'
[101.097, 98.9531, 0.00227314]'
[102.294, 98.5209, 0.00227021]'
[103.418, 98.079, 0.00226756]'
[104.463, 97.6303, 0.00226536]'
[105.424, 97.1778, 0.00226374]'
[106.299, 96.7243, 0.00226282]'
[107.085, 96.2727, 0.00226269]'
[107.781, 95.8256, 0.00226338]'
[108.386, 95.3855, 0.00226493]'
[108.9, 94.9544, 0.00226729]'
[109.326, 94.5342, 0.00227042]'
[109.664, 94.1262, 0.0022742]'
[109.919, 93.7311, 0.00227852]'
[110.095, 93.3495, 0.00228322]'
[110.196, 92.9811, 0.0022881]'
[110.227, 92.6255, 0.00229297]'
[110.195, 92.2816, 0.00229761]'
[110.106, 91.9481, 0.0023018]'
[109.966, 91.623, 0.00230531]'
[109.782, 91.3044, 0.00230792]'
[109.561, 90.99, 0.00230943]'
[109.31, 90.6773, 0.00230967]'
[109.034, 90.3637, 0.00230847]'
[108.742, 90.0469, 0.00230571]'
[108.437, 89.7243, 0.0023013]'
[108.127, 89.3939, 0.00229521]'
[107.815, 89.0536, 0.00228741]'
[107.507, 88.7018, 0.00227797]'
[107.205, 88.3372, 0.00226696]'
[106.913, 87.9589, 0.0022545]'
[106.633, 87.5666, 0.00224077]'
[106.367, 87.1603, 0.00222598]'
[106.117, 86.7405, 0.00221035]'
[105.882, 86.3081, 0.00219415]'
[105.663, 85.8645, 0.00217766]'
[105.459, 85.4116, 0.00216118]'
[105.269, 84.9514, 0.002145]'
[105.093, 84.4863, 0.00212943]'
[104.928, 84.019, 0.00211473]'
[104.774, 83.5523, 0.00210119]'
[104.628, 83.089, 0.00208904]'
[104.49, 82.632, 0.00207848]'
[104.356, 82.1843, 0.00206968]'
[104.227, 81.7484, 0.00206278]'
[104.1, 81.3271, 0.00205785]'
[103.974, 80.9225, 0.00205493]'
[103.849, 80.5368, 0.00205398]'
[103.725, 80.1717, 0.00205495]'
[103.6, 79.8286, 0.00205772]'
[103.476, 79.5087, 0.00206214]'
[103.352, 79.2128, 0.00206799]'
[103.23, 78.9412, 0.00207505]'
[103.11, 78.6941, 0.00208306]'
[102.994, 78.4716, 0.00209173]'
[102.883, 78.2731, 0.00210076]'
[102.778, 78.0983, 0.00210986]'
[102.681, 77.9464, 0.00211873]'
[102.593, 77.8169, 0.00212708]'
[102.516, 77.7088, 0.00213465]'
[102.451, 77.6216, 0.00214119]'
[102.399, 77.5545, 0.0021465]'
[102.361, 77.507, 0.00215042]'
[102.331, 77.4693, 0.00215363]'
[90.4788, 15.3397, 0.00181245]'
[90.4785, 15.3343, 0.00182272]'
[90.4777, 15.3183, 0.00185324]'
[90.4763, 15.292, 0.00190313]'
[90.4745, 15.2556, 0.00197093]'
[90.4724, 15.2098, 0.00205468]'
[90.4702, 15.1553, 0.00215195]'
[90.4681, 15.093, 0.00225993]'
[90.4663, 15.0237, 0.00237548]'
[90.465, 14.9487, 0.00249525]'
[90.4645, 14.8691, 0.00261579]'
[90.465, 14.7862, 0.00273361]'
[90.4666, 14.7014, 0.00284531]'
[90.4697, 14.616, 0.00294766]'
[90.4745, 14.5316, 0.00303774]'
[90.481, 14.4497, 0.00311294]'
[90.4895, 14.3717, 0.00317113]'
[90.5, 14.299, 0.00321064]'
[90.5125, 14.2331, 0.00323037]'
[90.5272, 14.1754, 0.00322978]'
[90.5439, 14.127, 0.00320893]'
[90.5625, 14.0891, 0.00316844]'
[90.583, 14.0628, 0.00310952]'
[90.6051, 14.0489, 0.00303388]'
[90.6286, 14.0482, 0.00294372]'
[90.6533, 14.0613, 0.00284164]'
[90.6789, 14.0884, 0.00273057]'
[90.705, 14.1299, 0.00261365]'
[90.7314, 14.1856, 0.00249419]'
[90.7578, 14.2555, 0.00237554]'
[90.7837, 14.3392, 0.00226096]'
[90.8088, 14.436, 0.00215358]'
[90.8329, 14.5452, 0.00205625]'
[90.8557, 14.6659, 0.00197149]'
[90.877, 14.7971, 0.00190139]'
[90.8965, 14.9374, 0.00184757]'
[90.9142, 15.0857, 0.00181109]'
[90.9299, 15.2405, 0.00179246]'
[90.9437, 15.4004, 0.00179158]'
[90.9555, 15.5638, 0.00180778]'
[90.9655, 15.7293, 0.00183981]'
[90.974, 15.8953, 0.00188587]'
[90.9811, 16.0604, 0.00194371]'
[90.9871, 16.2233, 0.00201061]'
[90.9925, 16.3828, 0.00208354]'
[90.9977, 16.5377, 0.00215922]'
[91.0031, 16.687, 0.00223419]'
[91.0092, 16.83, 0.00230496]'
[91.0165, 16.9661, 0.00236807]'
[91.0257, 17.0948, 0.00242023]'
[91.0371, 17.216, 0.00245841]'
[91.0513, 17.3298, 0.0024799]'
[91.0688, 17.4364, 0.00248245]'
[91.0901, 17.5361, 0.00246431]'
[91.1154, 17.6298, 0.00242429]'
[91.1452, 17.7181, 0.00236182]'
[91.1796, 17.8022, 0.00227695]'
[91.2188, 17.8831, 0.00217037]'
[91.2629, 17.9621, 0.00204341]'
[91.3118, 18.0405, 0.00189802]'
[91.3654, 18.1199, 0.00173667]'
[91.4233, 18.2015, 0.00156237]'
[91.4853, 18.2868, 0.00137855]'
[91.5509, 18.3773, 0.00118895]'
[91.6194, 18.4742, 0.000997584]'
[91.6903, 18.5787, 0.000808597]'
[91.7628, 18.6921, 0.000626165]'
[91.836, 18.8153, 0.000454389]'
[91.9091, 18.949, 0.000297186]'
[91.9812, 19.094, 0.000158189]'
[92.0514, 19.2506, 4.06522e-05]'
[92.1186, 19.4191, -5.26331e-05]'
[92.1819, 19.5997, -0.000119412]'
[92.2405, 19.7922, -0.000158021]'
[92.2933, 19.9963, -0.000167431]'
[92.3396, 20.2116, -0.000147274]'
[92.3786, 20.4376, -9.78445e-05]'
[92.4096, 20.6736, -2.00952e-05]'
[92.4321, 20.9188, 8.43942e-05]'
[92.4456, 21.1726, 0.00021346]'
[92.4496, 21.4342, 0.000364411]'
[92.4441, 21.7029, 0.000534107]'
[92.4288, 21.978, 0.000719032]'
[92.4039, 22.259, 0.000915396]'
[92.3694, 22.5455, 0.00111923]'
[92.3256, 22.8373, 0.00132647]'
[92.2728, 23.1345, 0.0015331]'
[92.2116, 23.4373, 0.0017352]'
[92.1426, 23.7462, 0.00192908]'
[92.0663, 24.0621, 0.00211136]'
[91.9834, 24.386, 0.00227902]'
[91.8948, 24.7193, 0.00242949]'
[91.8011, 25.0637, 0.00256072]'
[91.7032, 25.421, 0.00267116]'
[91.6018, 25.7936, 0.00275983]'
[91.4977, 26.1837, 0.00282632]'
[91.3915, 26.5941, 0.00287077]'
[91.2839, 27.0274, 0.00289383]'
[91.1755, 27.4866, 0.00289668]'
[91.0668, 27.9747, 0.00288091]'
[90.958, 28.4944, 0.00284849]'
[90.8496, 29.0489, 0.0028017]'
[90.7417, 29.6409, 0.00274308]'
[90.6344, 30.273, 0.00267529]'
[90.5275, 30.9478, 0.00260107]'
[90.4211, 31.6673, 0.00252315]'
[90.3149, 32.4335, 0.00244418]'
[90.2086, 33.2479, 0.00236664]'
[90.1018, 34.1114, 0.00229278]'
[89.994, 35.0247, 0.00222457]'
[89.8849, 35.9881, 0.00216367]'
[89.7738, 37.001, 0.00211136]'
[89.6604, 38.0626, 0.00206855]'
[89.5441, 39.1716, 0.00203576]'
[89.4245, 40.3259, 0.00201313]'
[89.3011, 41.5231, 0.00200043]'
[89.1738, 42.7603, 0.00199711]'
[89.0421, 44.034, 0.00200231]'
[88.906, 45.3404, 0.00201492]'
[88.7654, 46.6752, 0.00203364]'
[88.6205, 48.0339, 0.00205703]'
[88.4714, 49.4114, 0.00208357]'
[88.3184, 50.8027, 0.00211173]'
[88.162, 52.2025, 0.00214003]'
[88.0029, 53.6054, 0.00216709]'
[87.8417, 55.0058, 0.00219168]'
[87.6791, 56.3984, 0.00221277]'
[87.5163, 57.7777, 0.00222956]'
[87.354, 59.1386, 0.00224152]'
[87.1933, 60.476, 0.00224836]'
[87.0354, 61.7852, 0.00225011]'
[86.8814, 63.0618, 0.00224702]'
[86.7323, 64.3016, 0.00223962]'
[86.5893, 65.501, 0.00222866]'
[86.4534, 66.6568, 0.00221507]'
[86.3255, 67.7661, 0.0021999]'
[86.2066, 68.8267, 0.00218434]'
[86.0975, 69.8367, 0.00216956]'
[85.9988, 70.7948, 0.00215675]'
[85.911, 71.7001, 0.00214702]'
[85.8346, 72.5523, 0.00214134]'
[85.7697, 73.3513, 0.00214051]'
[85.7165, 74.0979, 0.00214512]'
[85.6749, 74.7928, 0.0021555]'
[85.6445, 75.4374, 0.00217168]'
[85.6251, 76.0334, 0.00219342]'
[85.6161, 76.5827, 0.00222017]'
[85.6168, 77.0876, 0.00225109]'
[85.6264, 77.5505, 0.00228507]'
[85.6441, 77.974, 0.00232074]'
[85.6688, 78.361, 0.00235654]'
[85.6997, 78.7142, 0.00239077]'
[85.7357, 79.0367, 0.0024216]'
[85.7757, 79.3313, 0.00244722]'
[85.8186, 79.601, 0.00246582]'
[85.8636, 79.8486, 0.00247572]'
[85.9096, 80.0768, 0.00247542]'
[85.9558, 80.2884, 0.00246367]'
[86.0014, 80.4859, 0.00243951]'
[86.0458, 80.6717, 0.00240239]'
[86.0884, 80.8478, 0.00235215]'
[86.1288, 81.0164, 0.00228907]'
[86.1667, 81.1792, 0.00221393]'
[86.2021, 81.338, 0.00212797]'
[86.2348, 81.494, 0.0020329]'
[86.2651, 81.6485, 0.00193092]'
[86.2931, 81.8025, 0.00182461]'
[86.3193, 81.9569, 0.00171694]'
[86.3441, 82.1123, 0.00161118]'
[86.3679, 82.2691, 0.00151083]'
[86.3914, 82.4277, 0.00141953]'
[86.4153, 82.5882, 0.001341]'
[86.4401, 82.7506, 0.00127887]'
[86.4664, 82.9149, 0.00123666]'
[86.4949, 83.0807, 0.00121761]'
[86.5262, 83.2477, 0.00122464]'
[86.5607, 83.4156, 0.0012602]'
[86.5987, 83.5837, 0.00132623]'
[86.6407, 83.7516, 0.00142407]'
[86.6868, 83.9187, 0.00155438]'
[86.7371, 84.0843, 0.00171715]'
[86.7914, 84.2476, 0.00191159]'
[86.8496, 84.4081, 0.00213619]'
[86.9113, 84.5649, 0.00238871]'
[86.9762, 84.7175, 0.00266617]'
[87.0435, 84.8649, 0.00296496]'
[87.1126, 85.0067, 0.00328084]'
[87.1828, 85.1419, 0.00360907]'
[87.2531, 85.2701, 0.00394447]'
[87.3227, 85.3906, 0.00428155]'
[87.3905, 85.5027, 0.0046146]'
[87.4556, 85.606, 0.00493785]'
[87.5171, 85.6998, 0.00524558]'
[87.5739, 85.7837, 0.00553223]'
[87.6251, 85.8574, 0.00579256]'
[87.67, 85.9203, 0.00602174]'
[87.7078, 85.9723, 0.00621548]'
[87.7379, 86.013, 0.00637013]'
[87.7598, 86.0422, 0.00648275]'
[87.7775, 86.0656, 0.00657416]'
